%HEADER
Output file created by FEMEP (version April/2023).
'File created by FEMEP program'

%HEADER.ANALYSIS
'plane_stress'

%HEADER.ANALYSIS.METHOD
'ISOGEOMETRIC'

%NODE
396

%NODE.COORD
396
1   0.000000 0.000000 0.000000
2   0.250000 0.000000 0.000000
3   0.750000 0.000000 0.000000
4   1.000000 0.000000 0.000000
5   0.000000 0.250000 0.000000
6   0.206035 0.244287 0.000000
7   0.721121 0.321550 0.000000
8   1.000000 0.375000 0.000000
9   0.000000 0.750000 0.000000
10   0.159334 0.813590 0.000000
11   0.690445 1.017183 0.000000
12   1.000000 1.125000 0.000000
13   0.000000 1.250000 0.000000
14   0.109633 1.419454 0.000000
15   0.657800 1.757490 0.000000
16   1.000000 1.875000 0.000000
17   0.000000 1.750000 0.000000
18   0.056635 2.065519 0.000000
19   0.622988 2.546918 0.000000
20   1.000000 2.625000 0.000000
21   -0.000000 2.000000 0.000000
22   -0.000000 2.414214 0.000000
23   0.585786 3.000000 0.000000
24   1.000000 3.000000 0.000000
25   3.000000 0.000000 0.000000
26   5.000000 0.000000 0.000000
27   7.000000 0.000000 0.000000
28   9.000000 0.000000 0.000000
29   2.843750 0.375000 0.000000
30   4.687500 0.375000 0.000000
31   6.531250 0.375000 0.000000
32   8.375000 0.375000 0.000000
33   2.531250 1.125000 0.000000
34   4.062500 1.125000 0.000000
35   5.593750 1.125000 0.000000
36   7.125000 1.125000 0.000000
37   2.218750 1.875000 0.000000
38   3.437500 1.875000 0.000000
39   4.656250 1.875000 0.000000
40   5.875000 1.875000 0.000000
41   1.906250 2.625000 0.000000
42   2.812500 2.625000 0.000000
43   3.718750 2.625000 0.000000
44   4.625000 2.625000 0.000000
45   1.750000 3.000000 0.000000
46   2.500000 3.000000 0.000000
47   3.250000 3.000000 0.000000
48   4.000000 3.000000 0.000000
49   9.000000 0.500000 0.000000
50   9.000000 1.500000 0.000000
51   9.000000 2.500000 0.000000
52   9.000000 3.500000 0.000000
53   9.000000 4.000000 0.000000
54   8.460680 0.787600 0.000000
55   8.574701 1.650473 0.000000
56   8.610757 2.572478 0.000000
57   8.567241 3.512505 0.000000
58   8.500000 4.000000 0.000000
59   7.286984 1.392930 0.000000
60   7.512159 2.049310 0.000000
61   7.613070 2.808800 0.000000
62   7.580584 3.602651 0.000000
63   7.500000 4.000000 0.000000
64   6.077331 2.016804 0.000000
65   6.381379 2.473760 0.000000
66   6.551310 3.060298 0.000000
67   6.563700 3.695559 0.000000
68   6.500000 4.000000 0.000000
69   4.830044 2.660088 0.000000
70   5.175569 2.926374 0.000000
71   5.419101 3.328484 0.000000
72   5.515178 3.791357 0.000000
73   5.500000 4.000000 0.000000
74   4.190744 3.000000 0.000000
75   4.560660 3.146447 0.000000
76   4.853553 3.439340 0.000000
77   5.000000 3.809256 0.000000
78   5.000000 4.000000 0.000000
79   9.000000 4.750000 0.000000
80   9.000000 5.500000 0.000000
81   9.000000 6.250000 0.000000
82   9.000000 7.000000 0.000000
83   8.582152 4.742045 0.000000
84   8.664887 5.489355 0.000000
85   8.748211 6.241988 0.000000
86   8.832131 7.000000 0.000000
87   7.744357 4.747826 0.000000
88   7.992207 5.506341 0.000000
89   8.243625 6.275777 0.000000
90   8.498689 7.056372 0.000000
91   6.910394 4.775412 0.000000
92   7.326654 5.561907 0.000000
93   7.748906 6.359726 0.000000
94   8.177283 7.169115 0.000000
95   6.089108 4.824509 0.000000
96   6.682396 5.654870 0.000000
97   7.279910 6.491144 0.000000
98   7.881694 7.333395 0.000000
99   5.687652 4.859566 0.000000
100   6.375305 5.719131 0.000000
101   7.062957 6.578697 0.000000
102   7.750610 7.438262 0.000000
103   14.000000 4.000000 0.000000
104   13.103553 4.896447 0.000000
105   12.207107 5.792893 0.000000
106   11.310660 6.689340 0.000000
107   10.414214 7.585786 0.000000
108   13.375000 4.000000 0.000000
109   12.611432 4.849604 0.000000
110   11.840529 5.707370 0.000000
111   11.062184 6.573416 0.000000
112   10.276290 7.447863 0.000000
113   12.125000 4.000000 0.000000
114   11.596711 4.783830 0.000000
115   11.058174 5.582867 0.000000
116   10.509087 6.397556 0.000000
117   9.949138 7.228361 0.000000
118   10.875000 4.000000 0.000000
119   10.560968 4.746867 0.000000
120   10.240843 5.508223 0.000000
121   9.914448 6.284493 0.000000
122   9.581596 7.076120 0.000000
123   9.625000 4.000000 0.000000
124   9.519055 4.739244 0.000000
125   9.412092 5.485590 0.000000
126   9.304097 6.239141 0.000000
127   9.195054 7.000000 0.000000
128   15.000000 3.000000 0.000000
129   14.809256 3.000000 0.000000
130   14.439340 3.146447 0.000000
131   14.146447 3.439340 0.000000
132   14.000000 3.809256 0.000000
133   14.250000 2.625000 0.000000
134   14.037178 2.660088 0.000000
135   13.682843 2.926374 0.000000
136   13.439311 3.328484 0.000000
137   13.352044 3.791357 0.000000
138   12.750000 1.875000 0.000000
139   12.530436 2.016804 0.000000
140   12.207496 2.473760 0.000000
141   12.037565 3.060298 0.000000
142   12.044068 3.695559 0.000000
143   11.250000 1.125000 0.000000
144   11.069158 1.392930 0.000000
145   10.823951 2.049310 0.000000
146   10.723040 2.808800 0.000000
147   10.775558 3.602651 0.000000
148   9.750000 0.375000 0.000000
149   9.651315 0.787600 0.000000
150   9.523898 1.650473 0.000000
151   9.487842 2.572478 0.000000
152   9.544754 3.512505 0.000000
153   19.000000 2.000000 0.000000
154   19.000000 2.414214 0.000000
155   18.414214 3.000000 0.000000
156   18.000000 3.000000 0.000000
157   19.000000 1.750000 0.000000
158   18.943365 2.065519 0.000000
159   18.377012 2.546918 0.000000
160   18.000000 2.625000 0.000000
161   19.000000 1.250000 0.000000
162   18.890367 1.419454 0.000000
163   18.342200 1.757490 0.000000
164   18.000000 1.875000 0.000000
165   19.000000 0.750000 0.000000
166   18.840666 0.813590 0.000000
167   18.309555 1.017183 0.000000
168   18.000000 1.125000 0.000000
169   19.000000 0.250000 0.000000
170   18.793965 0.244287 0.000000
171   18.278879 0.321550 0.000000
172   18.000000 0.375000 0.000000
173   19.000000 0.000000 0.000000
174   18.750000 0.000000 0.000000
175   18.250000 0.000000 0.000000
176   18.000000 0.000000 0.000000
177   17.250000 3.000000 0.000000
178   16.500000 3.000000 0.000000
179   15.750000 3.000000 0.000000
180   17.062500 2.625000 0.000000
181   16.125000 2.625000 0.000000
182   15.187500 2.625000 0.000000
183   16.687500 1.875000 0.000000
184   15.375000 1.875000 0.000000
185   14.062500 1.875000 0.000000
186   16.312500 1.125000 0.000000
187   14.625000 1.125000 0.000000
188   12.937500 1.125000 0.000000
189   15.937500 0.375000 0.000000
190   13.875000 0.375000 0.000000
191   11.812500 0.375000 0.000000
192   15.750000 0.000000 0.000000
193   13.500000 0.000000 0.000000
194   11.250000 0.000000 0.000000
195   0.000000 9.000000 0.000000
196   0.000000 8.585786 0.000000
197   0.585786 8.000000 0.000000
198   1.000000 8.000000 0.000000
199   0.000000 9.375000 0.000000
200   -0.000000 9.029289 0.000000
201   0.585786 8.619239 0.000000
202   1.000000 8.625000 0.000000
203   0.000000 10.125000 0.000000
204   -0.000000 10.009763 0.000000
205   0.585786 9.873080 0.000000
206   1.000000 9.875000 0.000000
207   0.000000 10.875000 0.000000
208   -0.000000 10.990237 0.000000
209   0.585786 11.126920 0.000000
210   1.000000 11.125000 0.000000
211   0.000000 11.625000 0.000000
212   -0.000000 11.970711 0.000000
213   0.585786 12.380761 0.000000
214   1.000000 12.375000 0.000000
215   0.000000 12.000000 0.000000
216   -0.000000 12.414214 0.000000
217   0.585786 13.000000 0.000000
218   1.000000 13.000000 0.000000
219   5.000000 4.750000 0.000000
220   5.639631 5.449782 0.000000
221   6.283006 6.153660 0.000000
222   6.930159 6.861672 0.000000
223   7.581122 7.573852 0.000000
224   5.000000 6.250000 0.000000
225   5.572001 6.661722 0.000000
226   6.147350 7.075855 0.000000
227   6.726078 7.492420 0.000000
228   7.308213 7.911437 0.000000
229   5.000000 7.000000 0.000000
230   5.552786 7.276393 0.000000
231   6.105573 7.552786 0.000000
232   6.658359 7.829180 0.000000
233   7.211146 8.105573 0.000000
234   5.000000 7.414214 0.000000
235   5.602323 7.641145 0.000000
236   6.158385 7.850646 0.000000
237   6.673318 8.044652 0.000000
238   7.151522 8.224821 0.000000
239   4.414214 8.000000 0.000000
240   5.156303 8.133547 0.000000
241   5.841396 8.256836 0.000000
242   6.475816 8.371007 0.000000
243   7.064985 8.477034 0.000000
244   4.000000 8.000000 0.000000
245   4.759710 8.151942 0.000000
246   5.519419 8.303884 0.000000
247   6.279129 8.455826 0.000000
248   7.038839 8.607768 0.000000
249   14.000000 12.000000 0.000000
250   13.178746 11.507248 0.000000
251   12.357493 11.014496 0.000000
252   11.536239 10.521744 0.000000
253   10.714986 10.028992 0.000000
254   14.000000 11.500000 0.000000
255   13.215083 11.106397 0.000000
256   12.419636 10.707514 0.000000
257   11.613447 10.303243 0.000000
258   10.796295 9.893476 0.000000
259   14.000000 10.500000 0.000000
260   13.268115 10.284940 0.000000
261   12.511181 10.062520 0.000000
262   11.727889 9.832355 0.000000
263   10.916838 9.594034 0.000000
264   14.000000 9.500000 0.000000
265   13.300861 9.446044 0.000000
266   12.567758 9.389467 0.000000
267   11.798153 9.330074 0.000000
268   10.989250 9.267647 0.000000
269   14.000000 8.500000 0.000000
270   13.312574 8.597908 0.000000
271   12.586714 8.701289 0.000000
272   11.819106 8.810617 0.000000
273   11.006040 8.926420 0.000000
274   14.000000 7.500000 0.000000
275   13.302919 7.749086 0.000000
276   12.566865 8.012097 0.000000
277   11.788476 8.290237 0.000000
278   10.963990 8.584847 0.000000
279   14.000000 6.500000 0.000000
280   13.271995 6.908205 0.000000
281   12.508623 7.336240 0.000000
282   11.707243 7.785588 0.000000
283   10.864942 8.257880 0.000000
284   14.000000 5.500000 0.000000
285   13.220329 6.083674 0.000000
286   12.413972 6.687324 0.000000
287   11.579538 7.311994 0.000000
288   10.715532 7.958801 0.000000
289   14.000000 4.500000 0.000000
290   13.148850 5.283406 0.000000
291   12.286283 6.077321 0.000000
292   11.412066 6.881958 0.000000
293   10.525963 7.697535 0.000000
294   9.000000 13.000000 0.000000
295   9.000000 12.500000 0.000000
296   9.000000 12.000000 0.000000
297   9.000000 11.500000 0.000000
298   9.000000 11.000000 0.000000
299   9.500000 13.000000 0.000000
300   9.424857 12.507170 0.000000
301   9.348992 12.009606 0.000000
302   9.272394 11.507240 0.000000
303   9.195054 11.000000 0.000000
304   10.500000 13.000000 0.000000
305   10.277016 12.495928 0.000000
306   10.049706 11.982077 0.000000
307   9.817943 11.458161 0.000000
308   9.581596 10.923880 0.000000
309   11.500000 13.000000 0.000000
310   11.123458 12.458965 0.000000
311   10.739612 11.907434 0.000000
312   10.348246 11.345098 0.000000
313   9.949138 10.771639 0.000000
314   12.500000 13.000000 0.000000
315   11.952045 12.396810 0.000000
316   11.398826 11.787826 0.000000
317   10.840267 11.172964 0.000000
318   10.276290 10.552137 0.000000
319   13.000000 13.000000 0.000000
320   12.353553 12.353553 0.000000
321   11.707107 11.707107 0.000000
322   11.060660 11.060660 0.000000
323   10.414214 10.414214 0.000000
324   13.414214 13.000000 0.000000
325   12.598235 12.251459 0.000000
326   11.845204 11.560663 0.000000
327   11.148107 10.921178 0.000000
328   10.500935 10.327492 0.000000
329   14.000000 12.414214 0.000000
330   13.062229 11.775594 0.000000
331   12.196801 11.186240 0.000000
332   11.395655 10.640661 0.000000
333   10.651887 10.134157 0.000000
334   4.000000 8.625000 0.000000
335   4.735886 8.672845 0.000000
336   5.480481 8.721256 0.000000
337   6.233943 8.770243 0.000000
338   6.996429 8.819817 0.000000
339   4.000000 9.875000 0.000000
340   4.724410 9.726119 0.000000
341   5.466173 9.573671 0.000000
342   6.225921 9.417527 0.000000
343   7.004316 9.257551 0.000000
344   4.000000 11.125000 0.000000
345   4.749669 10.778531 0.000000
346   5.517297 10.423762 0.000000
347   6.303537 10.060391 0.000000
348   7.109074 9.688102 0.000000
349   4.000000 12.375000 0.000000
350   4.811218 11.811506 0.000000
351   5.632038 11.241343 0.000000
352   6.462631 10.664391 0.000000
353   7.303173 10.080528 0.000000
354   4.000000 13.000000 0.000000
355   4.859566 12.312348 0.000000
356   5.719131 11.624695 0.000000
357   6.578697 10.937043 0.000000
358   7.438262 10.249390 0.000000
359   4.625000 13.000000 0.000000
360   5.349256 12.367697 0.000000
361   6.082558 11.727496 0.000000
362   6.825078 11.079248 0.000000
363   7.576991 10.422801 0.000000
364   5.875000 13.000000 0.000000
365   6.369082 12.447488 0.000000
366   6.875664 11.880999 0.000000
367   7.395225 11.299994 0.000000
368   7.928272 10.703910 0.000000
369   7.125000 13.000000 0.000000
370   7.417120 12.494987 0.000000
371   7.716631 11.977198 0.000000
372   8.023816 11.446143 0.000000
373   8.338973 10.901303 0.000000
374   8.375000 13.000000 0.000000
375   8.473856 12.509310 0.000000
376   8.573947 12.012491 0.000000
377   8.675295 11.509427 0.000000
378   8.777926 11.000000 0.000000
379   1.750000 8.000000 0.000000
380   2.500000 8.000000 0.000000
381   3.250000 8.000000 0.000000
382   1.750000 8.625000 0.000000
383   2.500000 8.625000 0.000000
384   3.250000 8.625000 0.000000
385   1.750000 9.875000 0.000000
386   2.500000 9.875000 0.000000
387   3.250000 9.875000 0.000000
388   1.750000 11.125000 0.000000
389   2.500000 11.125000 0.000000
390   3.250000 11.125000 0.000000
391   1.750000 12.375000 0.000000
392   2.500000 12.375000 0.000000
393   3.250000 12.375000 0.000000
394   1.750000 13.000000 0.000000
395   2.500000 13.000000 0.000000
396   3.250000 13.000000 0.000000

%NODE.WEIGHT
396
1   1.000000
2   1.000000
3   1.000000
4   1.000000
5   1.000000
6   0.970711
7   0.970711
8   1.000000
9   1.000000
10   0.941421
11   0.941421
12   1.000000
13   1.000000
14   0.912132
15   0.912132
16   1.000000
17   1.000000
18   0.882843
19   0.882843
20   1.000000
21   1.000000
22   0.853553
23   0.853553
24   1.000000
25   1.000000
26   1.000000
27   1.000000
28   1.000000
29   1.000000
30   1.000000
31   1.000000
32   1.000000
33   1.000000
34   1.000000
35   1.000000
36   1.000000
37   1.000000
38   1.000000
39   1.000000
40   1.000000
41   1.000000
42   1.000000
43   1.000000
44   1.000000
45   1.000000
46   1.000000
47   1.000000
48   1.000000
49   1.000000
50   1.000000
51   1.000000
52   1.000000
53   1.000000
54   0.985355
55   0.970711
56   0.970711
57   0.985355
58   1.000000
59   0.970711
60   0.941421
61   0.941421
62   0.970711
63   1.000000
64   0.956066
65   0.912132
66   0.912132
67   0.956066
68   1.000000
69   0.941421
70   0.882843
71   0.882843
72   0.941421
73   1.000000
74   0.926777
75   0.853553
76   0.853553
77   0.926777
78   1.000000
79   1.000000
80   1.000000
81   1.000000
82   1.000000
83   0.996477
84   0.992954
85   0.989430
86   0.985907
87   0.992954
88   0.985907
89   0.978861
90   0.971814
91   0.992954
92   0.985907
93   0.978861
94   0.971814
95   0.996477
96   0.992954
97   0.989430
98   0.985907
99   1.000000
100   1.000000
101   1.000000
102   1.000000
103   1.000000
104   1.000000
105   1.000000
106   1.000000
107   1.000000
108   1.000000
109   0.995242
110   0.990485
111   0.985727
112   0.980970
113   1.000000
114   0.990485
115   0.980970
116   0.971455
117   0.961940
118   1.000000
119   0.990485
120   0.980970
121   0.971455
122   0.961940
123   1.000000
124   0.995242
125   0.990485
126   0.985727
127   0.980970
128   1.000000
129   0.926777
130   0.853553
131   0.853553
132   0.926777
133   1.000000
134   0.941421
135   0.882843
136   0.882843
137   0.941421
138   1.000000
139   0.956066
140   0.912132
141   0.912132
142   0.956066
143   1.000000
144   0.970711
145   0.941421
146   0.941421
147   0.970711
148   1.000000
149   0.985355
150   0.970711
151   0.970711
152   0.985355
153   1.000000
154   0.853553
155   0.853553
156   1.000000
157   1.000000
158   0.882843
159   0.882843
160   1.000000
161   1.000000
162   0.912132
163   0.912132
164   1.000000
165   1.000000
166   0.941421
167   0.941421
168   1.000000
169   1.000000
170   0.970711
171   0.970711
172   1.000000
173   1.000000
174   1.000000
175   1.000000
176   1.000000
177   1.000000
178   1.000000
179   1.000000
180   1.000000
181   1.000000
182   1.000000
183   1.000000
184   1.000000
185   1.000000
186   1.000000
187   1.000000
188   1.000000
189   1.000000
190   1.000000
191   1.000000
192   1.000000
193   1.000000
194   1.000000
195   1.000000
196   0.853553
197   0.853553
198   1.000000
199   1.000000
200   0.853553
201   0.853553
202   1.000000
203   1.000000
204   0.853553
205   0.853553
206   1.000000
207   1.000000
208   0.853553
209   0.853553
210   1.000000
211   1.000000
212   0.853553
213   0.853553
214   1.000000
215   1.000000
216   0.853553
217   0.853553
218   1.000000
219   1.000000
220   0.997090
221   0.994180
222   0.991270
223   0.988359
224   1.000000
225   0.997090
226   0.994180
227   0.991270
228   0.988359
229   1.000000
230   1.000000
231   1.000000
232   1.000000
233   1.000000
234   0.853553
235   0.889059
236   0.924565
237   0.960070
238   0.995576
239   0.853553
240   0.889059
241   0.924565
242   0.960070
243   0.995576
244   1.000000
245   1.000000
246   1.000000
247   1.000000
248   1.000000
249   1.000000
250   1.000000
251   1.000000
252   1.000000
253   1.000000
254   1.000000
255   0.993381
256   0.986763
257   0.980144
258   0.973526
259   1.000000
260   0.983454
261   0.966907
262   0.950361
263   0.933814
264   1.000000
265   0.976835
266   0.953670
267   0.930505
268   0.907340
269   1.000000
270   0.973526
271   0.947051
272   0.920577
273   0.894103
274   1.000000
275   0.973526
276   0.947051
277   0.920577
278   0.894103
279   1.000000
280   0.976835
281   0.953670
282   0.930505
283   0.907340
284   1.000000
285   0.983454
286   0.966907
287   0.950361
288   0.933814
289   1.000000
290   0.993381
291   0.986763
292   0.980144
293   0.973526
294   1.000000
295   1.000000
296   1.000000
297   1.000000
298   1.000000
299   1.000000
300   0.995242
301   0.990485
302   0.985727
303   0.980970
304   1.000000
305   0.990485
306   0.980970
307   0.971455
308   0.961940
309   1.000000
310   0.990485
311   0.980970
312   0.971455
313   0.961940
314   1.000000
315   0.995242
316   0.990485
317   0.985727
318   0.980970
319   1.000000
320   1.000000
321   1.000000
322   1.000000
323   1.000000
324   0.853553
325   0.889228
326   0.924904
327   0.960579
328   0.996254
329   0.853553
330   0.889228
331   0.924904
332   0.960579
333   0.996254
334   1.000000
335   0.994151
336   0.988302
337   0.982454
338   0.976605
339   1.000000
340   0.988302
341   0.976605
342   0.964907
343   0.953210
344   1.000000
345   0.988302
346   0.976605
347   0.964907
348   0.953210
349   1.000000
350   0.994151
351   0.988302
352   0.982454
353   0.976605
354   1.000000
355   1.000000
356   1.000000
357   1.000000
358   1.000000
359   1.000000
360   0.993831
361   0.987663
362   0.981494
363   0.975326
364   1.000000
365   0.987663
366   0.975326
367   0.962989
368   0.950652
369   1.000000
370   0.987663
371   0.975326
372   0.962989
373   0.950652
374   1.000000
375   0.993831
376   0.987663
377   0.981494
378   0.975326
379   1.000000
380   1.000000
381   1.000000
382   1.000000
383   1.000000
384   1.000000
385   1.000000
386   1.000000
387   1.000000
388   1.000000
389   1.000000
390   1.000000
391   1.000000
392   1.000000
393   1.000000
394   1.000000
395   1.000000
396   1.000000

%NODE.SUPPORT
15
1   1 1 0 0 0 0
2   1 1 0 0 0 0
3   1 1 0 0 0 0
4   1 1 0 0 0 0
25   1 1 0 0 0 0
26   1 1 0 0 0 0
27   1 1 0 0 0 0
28   1 1 0 0 0 0
173   1 1 0 0 0 0
174   1 1 0 0 0 0
175   1 1 0 0 0 0
176   1 1 0 0 0 0
192   1 1 0 0 0 0
193   1 1 0 0 0 0
194   1 1 0 0 0 0

%MATERIAL
1

%MATERIAL.ISOTROPIC
1
1   10000.0 0.250000

%THICKNESS
1
1   1.000000

%INTEGRATION.ORDER
4
1 1 1 1 1 1 1
2 3 3 1 3 3 1
3 2 2 1 2 2 1
4 2 2 1 2 2 1

%SURFACE
17

%SURFACE.DEGREE
1   2 2
2   1 2
3   2 2
4   1 2
5   1 2
6   2 2
7   2 2
8   1 2
9   2 2
10   1 2
11   1 2
12   1 2
13   1 2
14   1 2
15   1 2
16   1 2
17   1 2

%SURFACE.KNOTVECTOR
1   7   0.0 0.0 0.0 0.5 1.0 1.0 1.0   9   0.0 0.0 0.0 0.25 0.5 0.75 1.0 1.0 1.0
2   7   0.0 0.0 0.25 0.5 0.75 1.0 1.0   9   0.0 0.0 0.0 0.25 0.5 0.75 1.0 1.0 1.0
3   9   0.0 0.0 0.0 0.25 0.5 0.75 1.0 1.0 1.0   9   0.0 0.0 0.0 0.25 0.5 0.75 1.0 1.0 1.0
4   7   0.0 0.0 0.25 0.5 0.75 1.0 1.0   9   0.0 0.0 0.0 0.25 0.5 0.75 1.0 1.0 1.0
5   7   0.0 0.0 0.25 0.5 0.75 1.0 1.0   9   0.0 0.0 0.0 0.25 0.5 0.75 1.0 1.0 1.0
6   9   0.0 0.0 0.0 0.25 0.5 0.75 1.0 1.0 1.0   9   0.0 0.0 0.0 0.25 0.5 0.75 1.0 1.0 1.0
7   7   0.0 0.0 0.0 0.5 1.0 1.0 1.0   9   0.0 0.0 0.0 0.25 0.5 0.75 1.0 1.0 1.0
8   7   0.0 0.0 0.25 0.5 0.75 1.0 1.0   9   0.0 0.0 0.0 0.25 0.5 0.75 1.0 1.0 1.0
9   7   0.0 0.0 0.0 0.5 1.0 1.0 1.0   9   0.0 0.0 0.0 0.25 0.5 0.75 1.0 1.0 1.0
10   7   0.0 0.0 0.25 0.5 0.75 1.0 1.0   7   0.0 0.0 0.0 0.5 1.0 1.0 1.0
11   7   0.0 0.0 0.25 0.5 0.75 1.0 1.0   7   0.0 0.0 0.0 0.5 1.0 1.0 1.0
12   7   0.0 0.0 0.25 0.5 0.75 1.0 1.0   13   0.0 0.0 0.0 0.125 0.25 0.375 0.5 0.625 0.75 0.875 1.0 1.0 1.0
13   7   0.0 0.0 0.25 0.5 0.75 1.0 1.0   9   0.0 0.0 0.0 0.25 0.5 0.75 1.0 1.0 1.0
14   7   0.0 0.0 0.25 0.5 0.75 1.0 1.0   7   0.0 0.0 0.0 0.5 1.0 1.0 1.0
15   7   0.0 0.0 0.25 0.5 0.75 1.0 1.0   9   0.0 0.0 0.0 0.25 0.5 0.75 1.0 1.0 1.0
16   7   0.0 0.0 0.25 0.5 0.75 1.0 1.0   9   0.0 0.0 0.0 0.25 0.5 0.75 1.0 1.0 1.0
17   7   0.0 0.0 0.25 0.5 0.75 1.0 1.0   9   0.0 0.0 0.0 0.25 0.5 0.75 1.0 1.0 1.0

%SURFACE.CTRLNET
1
1  2  3  4  
5  6  7  8  
9  10  11  12  
13  14  15  16  
17  18  19  20  
21  22  23  24  
2
4  25  26  27  28  
8  29  30  31  32  
12  33  34  35  36  
16  37  38  39  40  
20  41  42  43  44  
24  45  46  47  48  
3
28  49  50  51  52  53  
32  54  55  56  57  58  
36  59  60  61  62  63  
40  64  65  66  67  68  
44  69  70  71  72  73  
48  74  75  76  77  78  
4
53  79  80  81  82  
58  83  84  85  86  
63  87  88  89  90  
68  91  92  93  94  
73  95  96  97  98  
78  99  100  101  102  
5
103  104  105  106  107  
108  109  110  111  112  
113  114  115  116  117  
118  119  120  121  122  
123  124  125  126  127  
53  79  80  81  82  
6
128  129  130  131  132  103  
133  134  135  136  137  108  
138  139  140  141  142  113  
143  144  145  146  147  118  
148  149  150  151  152  123  
28  49  50  51  52  53  
7
153  154  155  156  
157  158  159  160  
161  162  163  164  
165  166  167  168  
169  170  171  172  
173  174  175  176  
8
156  177  178  179  128  
160  180  181  182  133  
164  183  184  185  138  
168  186  187  188  143  
172  189  190  191  148  
176  192  193  194  28  
9
195  196  197  198  
199  200  201  202  
203  204  205  206  
207  208  209  210  
211  212  213  214  
215  216  217  218  
10
78  99  100  101  102  
219  220  221  222  223  
224  225  226  227  228  
229  230  231  232  233  
11
229  230  231  232  233  
234  235  236  237  238  
239  240  241  242  243  
244  245  246  247  248  
12
249  250  251  252  253  
254  255  256  257  258  
259  260  261  262  263  
264  265  266  267  268  
269  270  271  272  273  
274  275  276  277  278  
279  280  281  282  283  
284  285  286  287  288  
289  290  291  292  293  
103  104  105  106  107  
13
294  295  296  297  298  
299  300  301  302  303  
304  305  306  307  308  
309  310  311  312  313  
314  315  316  317  318  
319  320  321  322  323  
14
319  320  321  322  323  
324  325  326  327  328  
329  330  331  332  333  
249  250  251  252  253  
15
244  245  246  247  248  
334  335  336  337  338  
339  340  341  342  343  
344  345  346  347  348  
349  350  351  352  353  
354  355  356  357  358  
16
354  355  356  357  358  
359  360  361  362  363  
364  365  366  367  368  
369  370  371  372  373  
374  375  376  377  378  
294  295  296  297  298  
17
198  379  380  381  244  
202  382  383  384  334  
206  385  386  387  339  
210  388  389  390  344  
214  391  392  393  349  
218  394  395  396  354  

%ELEMENT
240

%ELEMENT.ISOGEOMETRIC
1   8
1   1 1 4   9   1 2 3 5 6 7 9 10 11   0.0 0.5   0.0 0.25
2   1 1 4   9   2 3 4 6 7 8 10 11 12   0.5 1.0   0.0 0.25
3   1 1 4   9   5 6 7 9 10 11 13 14 15   0.0 0.5   0.25 0.5
4   1 1 4   9   6 7 8 10 11 12 14 15 16   0.5 1.0   0.25 0.5
5   1 1 4   9   9 10 11 13 14 15 17 18 19   0.0 0.5   0.5 0.75
6   1 1 4   9   10 11 12 14 15 16 18 19 20   0.5 1.0   0.5 0.75
7   1 1 4   9   13 14 15 17 18 19 21 22 23   0.0 0.5   0.75 1.0
8   1 1 4   9   14 15 16 18 19 20 22 23 24   0.5 1.0   0.75 1.0
2   16
9   1 1 4   6   4 25 8 29 12 33   0.0 0.25   0.0 0.25
10   1 1 4   6   25 26 29 30 33 34   0.25 0.5   0.0 0.25
11   1 1 4   6   26 27 30 31 34 35   0.5 0.75   0.0 0.25
12   1 1 4   6   27 28 31 32 35 36   0.75 1.0   0.0 0.25
13   1 1 4   6   8 29 12 33 16 37   0.0 0.25   0.25 0.5
14   1 1 4   6   29 30 33 34 37 38   0.25 0.5   0.25 0.5
15   1 1 4   6   30 31 34 35 38 39   0.5 0.75   0.25 0.5
16   1 1 4   6   31 32 35 36 39 40   0.75 1.0   0.25 0.5
17   1 1 4   6   12 33 16 37 20 41   0.0 0.25   0.5 0.75
18   1 1 4   6   33 34 37 38 41 42   0.25 0.5   0.5 0.75
19   1 1 4   6   34 35 38 39 42 43   0.5 0.75   0.5 0.75
20   1 1 4   6   35 36 39 40 43 44   0.75 1.0   0.5 0.75
21   1 1 4   6   16 37 20 41 24 45   0.0 0.25   0.75 1.0
22   1 1 4   6   37 38 41 42 45 46   0.25 0.5   0.75 1.0
23   1 1 4   6   38 39 42 43 46 47   0.5 0.75   0.75 1.0
24   1 1 4   6   39 40 43 44 47 48   0.75 1.0   0.75 1.0
3   16
25   1 1 4   9   28 49 50 32 54 55 36 59 60   0.0 0.25   0.0 0.25
26   1 1 4   9   49 50 51 54 55 56 59 60 61   0.25 0.5   0.0 0.25
27   1 1 4   9   50 51 52 55 56 57 60 61 62   0.5 0.75   0.0 0.25
28   1 1 4   9   51 52 53 56 57 58 61 62 63   0.75 1.0   0.0 0.25
29   1 1 4   9   32 54 55 36 59 60 40 64 65   0.0 0.25   0.25 0.5
30   1 1 4   9   54 55 56 59 60 61 64 65 66   0.25 0.5   0.25 0.5
31   1 1 4   9   55 56 57 60 61 62 65 66 67   0.5 0.75   0.25 0.5
32   1 1 4   9   56 57 58 61 62 63 66 67 68   0.75 1.0   0.25 0.5
33   1 1 4   9   36 59 60 40 64 65 44 69 70   0.0 0.25   0.5 0.75
34   1 1 4   9   59 60 61 64 65 66 69 70 71   0.25 0.5   0.5 0.75
35   1 1 4   9   60 61 62 65 66 67 70 71 72   0.5 0.75   0.5 0.75
36   1 1 4   9   61 62 63 66 67 68 71 72 73   0.75 1.0   0.5 0.75
37   1 1 4   9   40 64 65 44 69 70 48 74 75   0.0 0.25   0.75 1.0
38   1 1 4   9   64 65 66 69 70 71 74 75 76   0.25 0.5   0.75 1.0
39   1 1 4   9   65 66 67 70 71 72 75 76 77   0.5 0.75   0.75 1.0
40   1 1 4   9   66 67 68 71 72 73 76 77 78   0.75 1.0   0.75 1.0
4   16
41   1 1 4   6   53 79 58 83 63 87   0.0 0.25   0.0 0.25
42   1 1 4   6   79 80 83 84 87 88   0.25 0.5   0.0 0.25
43   1 1 4   6   80 81 84 85 88 89   0.5 0.75   0.0 0.25
44   1 1 4   6   81 82 85 86 89 90   0.75 1.0   0.0 0.25
45   1 1 4   6   58 83 63 87 68 91   0.0 0.25   0.25 0.5
46   1 1 4   6   83 84 87 88 91 92   0.25 0.5   0.25 0.5
47   1 1 4   6   84 85 88 89 92 93   0.5 0.75   0.25 0.5
48   1 1 4   6   85 86 89 90 93 94   0.75 1.0   0.25 0.5
49   1 1 4   6   63 87 68 91 73 95   0.0 0.25   0.5 0.75
50   1 1 4   6   87 88 91 92 95 96   0.25 0.5   0.5 0.75
51   1 1 4   6   88 89 92 93 96 97   0.5 0.75   0.5 0.75
52   1 1 4   6   89 90 93 94 97 98   0.75 1.0   0.5 0.75
53   1 1 4   6   68 91 73 95 78 99   0.0 0.25   0.75 1.0
54   1 1 4   6   91 92 95 96 99 100   0.25 0.5   0.75 1.0
55   1 1 4   6   92 93 96 97 100 101   0.5 0.75   0.75 1.0
56   1 1 4   6   93 94 97 98 101 102   0.75 1.0   0.75 1.0
5   16
57   1 1 4   6   103 104 108 109 113 114   0.0 0.25   0.0 0.25
58   1 1 4   6   104 105 109 110 114 115   0.25 0.5   0.0 0.25
59   1 1 4   6   105 106 110 111 115 116   0.5 0.75   0.0 0.25
60   1 1 4   6   106 107 111 112 116 117   0.75 1.0   0.0 0.25
61   1 1 4   6   108 109 113 114 118 119   0.0 0.25   0.25 0.5
62   1 1 4   6   109 110 114 115 119 120   0.25 0.5   0.25 0.5
63   1 1 4   6   110 111 115 116 120 121   0.5 0.75   0.25 0.5
64   1 1 4   6   111 112 116 117 121 122   0.75 1.0   0.25 0.5
65   1 1 4   6   113 114 118 119 123 124   0.0 0.25   0.5 0.75
66   1 1 4   6   114 115 119 120 124 125   0.25 0.5   0.5 0.75
67   1 1 4   6   115 116 120 121 125 126   0.5 0.75   0.5 0.75
68   1 1 4   6   116 117 121 122 126 127   0.75 1.0   0.5 0.75
69   1 1 4   6   118 119 123 124 53 79   0.0 0.25   0.75 1.0
70   1 1 4   6   119 120 124 125 79 80   0.25 0.5   0.75 1.0
71   1 1 4   6   120 121 125 126 80 81   0.5 0.75   0.75 1.0
72   1 1 4   6   121 122 126 127 81 82   0.75 1.0   0.75 1.0
6   16
73   1 1 4   9   128 129 130 133 134 135 138 139 140   0.0 0.25   0.0 0.25
74   1 1 4   9   129 130 131 134 135 136 139 140 141   0.25 0.5   0.0 0.25
75   1 1 4   9   130 131 132 135 136 137 140 141 142   0.5 0.75   0.0 0.25
76   1 1 4   9   131 132 103 136 137 108 141 142 113   0.75 1.0   0.0 0.25
77   1 1 4   9   133 134 135 138 139 140 143 144 145   0.0 0.25   0.25 0.5
78   1 1 4   9   134 135 136 139 140 141 144 145 146   0.25 0.5   0.25 0.5
79   1 1 4   9   135 136 137 140 141 142 145 146 147   0.5 0.75   0.25 0.5
80   1 1 4   9   136 137 108 141 142 113 146 147 118   0.75 1.0   0.25 0.5
81   1 1 4   9   138 139 140 143 144 145 148 149 150   0.0 0.25   0.5 0.75
82   1 1 4   9   139 140 141 144 145 146 149 150 151   0.25 0.5   0.5 0.75
83   1 1 4   9   140 141 142 145 146 147 150 151 152   0.5 0.75   0.5 0.75
84   1 1 4   9   141 142 113 146 147 118 151 152 123   0.75 1.0   0.5 0.75
85   1 1 4   9   143 144 145 148 149 150 28 49 50   0.0 0.25   0.75 1.0
86   1 1 4   9   144 145 146 149 150 151 49 50 51   0.25 0.5   0.75 1.0
87   1 1 4   9   145 146 147 150 151 152 50 51 52   0.5 0.75   0.75 1.0
88   1 1 4   9   146 147 118 151 152 123 51 52 53   0.75 1.0   0.75 1.0
7   8
89   1 1 4   9   153 154 155 157 158 159 161 162 163   0.0 0.5   0.0 0.25
90   1 1 4   9   154 155 156 158 159 160 162 163 164   0.5 1.0   0.0 0.25
91   1 1 4   9   157 158 159 161 162 163 165 166 167   0.0 0.5   0.25 0.5
92   1 1 4   9   158 159 160 162 163 164 166 167 168   0.5 1.0   0.25 0.5
93   1 1 4   9   161 162 163 165 166 167 169 170 171   0.0 0.5   0.5 0.75
94   1 1 4   9   162 163 164 166 167 168 170 171 172   0.5 1.0   0.5 0.75
95   1 1 4   9   165 166 167 169 170 171 173 174 175   0.0 0.5   0.75 1.0
96   1 1 4   9   166 167 168 170 171 172 174 175 176   0.5 1.0   0.75 1.0
8   16
97   1 1 4   6   156 177 160 180 164 183   0.0 0.25   0.0 0.25
98   1 1 4   6   177 178 180 181 183 184   0.25 0.5   0.0 0.25
99   1 1 4   6   178 179 181 182 184 185   0.5 0.75   0.0 0.25
100   1 1 4   6   179 128 182 133 185 138   0.75 1.0   0.0 0.25
101   1 1 4   6   160 180 164 183 168 186   0.0 0.25   0.25 0.5
102   1 1 4   6   180 181 183 184 186 187   0.25 0.5   0.25 0.5
103   1 1 4   6   181 182 184 185 187 188   0.5 0.75   0.25 0.5
104   1 1 4   6   182 133 185 138 188 143   0.75 1.0   0.25 0.5
105   1 1 4   6   164 183 168 186 172 189   0.0 0.25   0.5 0.75
106   1 1 4   6   183 184 186 187 189 190   0.25 0.5   0.5 0.75
107   1 1 4   6   184 185 187 188 190 191   0.5 0.75   0.5 0.75
108   1 1 4   6   185 138 188 143 191 148   0.75 1.0   0.5 0.75
109   1 1 4   6   168 186 172 189 176 192   0.0 0.25   0.75 1.0
110   1 1 4   6   186 187 189 190 192 193   0.25 0.5   0.75 1.0
111   1 1 4   6   187 188 190 191 193 194   0.5 0.75   0.75 1.0
112   1 1 4   6   188 143 191 148 194 28   0.75 1.0   0.75 1.0
9   8
113   1 1 4   9   195 196 197 199 200 201 203 204 205   0.0 0.5   0.0 0.25
114   1 1 4   9   196 197 198 200 201 202 204 205 206   0.5 1.0   0.0 0.25
115   1 1 4   9   199 200 201 203 204 205 207 208 209   0.0 0.5   0.25 0.5
116   1 1 4   9   200 201 202 204 205 206 208 209 210   0.5 1.0   0.25 0.5
117   1 1 4   9   203 204 205 207 208 209 211 212 213   0.0 0.5   0.5 0.75
118   1 1 4   9   204 205 206 208 209 210 212 213 214   0.5 1.0   0.5 0.75
119   1 1 4   9   207 208 209 211 212 213 215 216 217   0.0 0.5   0.75 1.0
120   1 1 4   9   208 209 210 212 213 214 216 217 218   0.5 1.0   0.75 1.0
10   8
121   1 1 4   6   78 99 219 220 224 225   0.0 0.25   0.0 0.5
122   1 1 4   6   99 100 220 221 225 226   0.25 0.5   0.0 0.5
123   1 1 4   6   100 101 221 222 226 227   0.5 0.75   0.0 0.5
124   1 1 4   6   101 102 222 223 227 228   0.75 1.0   0.0 0.5
125   1 1 4   6   219 220 224 225 229 230   0.0 0.25   0.5 1.0
126   1 1 4   6   220 221 225 226 230 231   0.25 0.5   0.5 1.0
127   1 1 4   6   221 222 226 227 231 232   0.5 0.75   0.5 1.0
128   1 1 4   6   222 223 227 228 232 233   0.75 1.0   0.5 1.0
11   8
129   1 1 4   6   229 230 234 235 239 240   0.0 0.25   0.0 0.5
130   1 1 4   6   230 231 235 236 240 241   0.25 0.5   0.0 0.5
131   1 1 4   6   231 232 236 237 241 242   0.5 0.75   0.0 0.5
132   1 1 4   6   232 233 237 238 242 243   0.75 1.0   0.0 0.5
133   1 1 4   6   234 235 239 240 244 245   0.0 0.25   0.5 1.0
134   1 1 4   6   235 236 240 241 245 246   0.25 0.5   0.5 1.0
135   1 1 4   6   236 237 241 242 246 247   0.5 0.75   0.5 1.0
136   1 1 4   6   237 238 242 243 247 248   0.75 1.0   0.5 1.0
12   32
137   1 1 4   6   249 250 254 255 259 260   0.0 0.25   0.0 0.125
138   1 1 4   6   250 251 255 256 260 261   0.25 0.5   0.0 0.125
139   1 1 4   6   251 252 256 257 261 262   0.5 0.75   0.0 0.125
140   1 1 4   6   252 253 257 258 262 263   0.75 1.0   0.0 0.125
141   1 1 4   6   254 255 259 260 264 265   0.0 0.25   0.125 0.25
142   1 1 4   6   255 256 260 261 265 266   0.25 0.5   0.125 0.25
143   1 1 4   6   256 257 261 262 266 267   0.5 0.75   0.125 0.25
144   1 1 4   6   257 258 262 263 267 268   0.75 1.0   0.125 0.25
145   1 1 4   6   259 260 264 265 269 270   0.0 0.25   0.25 0.375
146   1 1 4   6   260 261 265 266 270 271   0.25 0.5   0.25 0.375
147   1 1 4   6   261 262 266 267 271 272   0.5 0.75   0.25 0.375
148   1 1 4   6   262 263 267 268 272 273   0.75 1.0   0.25 0.375
149   1 1 4   6   264 265 269 270 274 275   0.0 0.25   0.375 0.5
150   1 1 4   6   265 266 270 271 275 276   0.25 0.5   0.375 0.5
151   1 1 4   6   266 267 271 272 276 277   0.5 0.75   0.375 0.5
152   1 1 4   6   267 268 272 273 277 278   0.75 1.0   0.375 0.5
153   1 1 4   6   269 270 274 275 279 280   0.0 0.25   0.5 0.625
154   1 1 4   6   270 271 275 276 280 281   0.25 0.5   0.5 0.625
155   1 1 4   6   271 272 276 277 281 282   0.5 0.75   0.5 0.625
156   1 1 4   6   272 273 277 278 282 283   0.75 1.0   0.5 0.625
157   1 1 4   6   274 275 279 280 284 285   0.0 0.25   0.625 0.75
158   1 1 4   6   275 276 280 281 285 286   0.25 0.5   0.625 0.75
159   1 1 4   6   276 277 281 282 286 287   0.5 0.75   0.625 0.75
160   1 1 4   6   277 278 282 283 287 288   0.75 1.0   0.625 0.75
161   1 1 4   6   279 280 284 285 289 290   0.0 0.25   0.75 0.875
162   1 1 4   6   280 281 285 286 290 291   0.25 0.5   0.75 0.875
163   1 1 4   6   281 282 286 287 291 292   0.5 0.75   0.75 0.875
164   1 1 4   6   282 283 287 288 292 293   0.75 1.0   0.75 0.875
165   1 1 4   6   284 285 289 290 103 104   0.0 0.25   0.875 1.0
166   1 1 4   6   285 286 290 291 104 105   0.25 0.5   0.875 1.0
167   1 1 4   6   286 287 291 292 105 106   0.5 0.75   0.875 1.0
168   1 1 4   6   287 288 292 293 106 107   0.75 1.0   0.875 1.0
13   16
169   1 1 4   6   294 295 299 300 304 305   0.0 0.25   0.0 0.25
170   1 1 4   6   295 296 300 301 305 306   0.25 0.5   0.0 0.25
171   1 1 4   6   296 297 301 302 306 307   0.5 0.75   0.0 0.25
172   1 1 4   6   297 298 302 303 307 308   0.75 1.0   0.0 0.25
173   1 1 4   6   299 300 304 305 309 310   0.0 0.25   0.25 0.5
174   1 1 4   6   300 301 305 306 310 311   0.25 0.5   0.25 0.5
175   1 1 4   6   301 302 306 307 311 312   0.5 0.75   0.25 0.5
176   1 1 4   6   302 303 307 308 312 313   0.75 1.0   0.25 0.5
177   1 1 4   6   304 305 309 310 314 315   0.0 0.25   0.5 0.75
178   1 1 4   6   305 306 310 311 315 316   0.25 0.5   0.5 0.75
179   1 1 4   6   306 307 311 312 316 317   0.5 0.75   0.5 0.75
180   1 1 4   6   307 308 312 313 317 318   0.75 1.0   0.5 0.75
181   1 1 4   6   309 310 314 315 319 320   0.0 0.25   0.75 1.0
182   1 1 4   6   310 311 315 316 320 321   0.25 0.5   0.75 1.0
183   1 1 4   6   311 312 316 317 321 322   0.5 0.75   0.75 1.0
184   1 1 4   6   312 313 317 318 322 323   0.75 1.0   0.75 1.0
14   8
185   1 1 4   6   319 320 324 325 329 330   0.0 0.25   0.0 0.5
186   1 1 4   6   320 321 325 326 330 331   0.25 0.5   0.0 0.5
187   1 1 4   6   321 322 326 327 331 332   0.5 0.75   0.0 0.5
188   1 1 4   6   322 323 327 328 332 333   0.75 1.0   0.0 0.5
189   1 1 4   6   324 325 329 330 249 250   0.0 0.25   0.5 1.0
190   1 1 4   6   325 326 330 331 250 251   0.25 0.5   0.5 1.0
191   1 1 4   6   326 327 331 332 251 252   0.5 0.75   0.5 1.0
192   1 1 4   6   327 328 332 333 252 253   0.75 1.0   0.5 1.0
15   16
193   1 1 4   6   244 245 334 335 339 340   0.0 0.25   0.0 0.25
194   1 1 4   6   245 246 335 336 340 341   0.25 0.5   0.0 0.25
195   1 1 4   6   246 247 336 337 341 342   0.5 0.75   0.0 0.25
196   1 1 4   6   247 248 337 338 342 343   0.75 1.0   0.0 0.25
197   1 1 4   6   334 335 339 340 344 345   0.0 0.25   0.25 0.5
198   1 1 4   6   335 336 340 341 345 346   0.25 0.5   0.25 0.5
199   1 1 4   6   336 337 341 342 346 347   0.5 0.75   0.25 0.5
200   1 1 4   6   337 338 342 343 347 348   0.75 1.0   0.25 0.5
201   1 1 4   6   339 340 344 345 349 350   0.0 0.25   0.5 0.75
202   1 1 4   6   340 341 345 346 350 351   0.25 0.5   0.5 0.75
203   1 1 4   6   341 342 346 347 351 352   0.5 0.75   0.5 0.75
204   1 1 4   6   342 343 347 348 352 353   0.75 1.0   0.5 0.75
205   1 1 4   6   344 345 349 350 354 355   0.0 0.25   0.75 1.0
206   1 1 4   6   345 346 350 351 355 356   0.25 0.5   0.75 1.0
207   1 1 4   6   346 347 351 352 356 357   0.5 0.75   0.75 1.0
208   1 1 4   6   347 348 352 353 357 358   0.75 1.0   0.75 1.0
16   16
209   1 1 4   6   354 355 359 360 364 365   0.0 0.25   0.0 0.25
210   1 1 4   6   355 356 360 361 365 366   0.25 0.5   0.0 0.25
211   1 1 4   6   356 357 361 362 366 367   0.5 0.75   0.0 0.25
212   1 1 4   6   357 358 362 363 367 368   0.75 1.0   0.0 0.25
213   1 1 4   6   359 360 364 365 369 370   0.0 0.25   0.25 0.5
214   1 1 4   6   360 361 365 366 370 371   0.25 0.5   0.25 0.5
215   1 1 4   6   361 362 366 367 371 372   0.5 0.75   0.25 0.5
216   1 1 4   6   362 363 367 368 372 373   0.75 1.0   0.25 0.5
217   1 1 4   6   364 365 369 370 374 375   0.0 0.25   0.5 0.75
218   1 1 4   6   365 366 370 371 375 376   0.25 0.5   0.5 0.75
219   1 1 4   6   366 367 371 372 376 377   0.5 0.75   0.5 0.75
220   1 1 4   6   367 368 372 373 377 378   0.75 1.0   0.5 0.75
221   1 1 4   6   369 370 374 375 294 295   0.0 0.25   0.75 1.0
222   1 1 4   6   370 371 375 376 295 296   0.25 0.5   0.75 1.0
223   1 1 4   6   371 372 376 377 296 297   0.5 0.75   0.75 1.0
224   1 1 4   6   372 373 377 378 297 298   0.75 1.0   0.75 1.0
17   16
225   1 1 4   6   198 379 202 382 206 385   0.0 0.25   0.0 0.25
226   1 1 4   6   379 380 382 383 385 386   0.25 0.5   0.0 0.25
227   1 1 4   6   380 381 383 384 386 387   0.5 0.75   0.0 0.25
228   1 1 4   6   381 244 384 334 387 339   0.75 1.0   0.0 0.25
229   1 1 4   6   202 382 206 385 210 388   0.0 0.25   0.25 0.5
230   1 1 4   6   382 383 385 386 388 389   0.25 0.5   0.25 0.5
231   1 1 4   6   383 384 386 387 389 390   0.5 0.75   0.25 0.5
232   1 1 4   6   384 334 387 339 390 344   0.75 1.0   0.25 0.5
233   1 1 4   6   206 385 210 388 214 391   0.0 0.25   0.5 0.75
234   1 1 4   6   385 386 388 389 391 392   0.25 0.5   0.5 0.75
235   1 1 4   6   386 387 389 390 392 393   0.5 0.75   0.5 0.75
236   1 1 4   6   387 339 390 344 393 349   0.75 1.0   0.5 0.75
237   1 1 4   6   210 388 214 391 218 394   0.0 0.25   0.75 1.0
238   1 1 4   6   388 389 391 392 394 395   0.25 0.5   0.75 1.0
239   1 1 4   6   389 390 392 393 395 396   0.5 0.75   0.75 1.0
240   1 1 4   6   390 344 393 349 396 354   0.75 1.0   0.75 1.0

%LOAD
1
1	'Load_Case_1'

%LOAD.CASE
1

%LOAD.CASE.LINE.FORCE.UNIFORM
4
225   198 379   0   0.000000 10.000000 0.000000
226   379 380   0   0.000000 10.000000 0.000000
227   380 381   0   0.000000 10.000000 0.000000
228   381 244   0   0.000000 10.000000 0.000000

%END