%MODEL.ANALYSIS_MODEL
'PLANE_STRESS'

%MODEL.NODE_COORD
1097
1	9.196034	10.990369	0.000000
2	9.000000	11.000000	0.000000
3	8.874795	11.171318	0.000000
4	9.104354	11.169463	0.000000
5	8.803966	10.990369	0.000000
6	8.979149	11.340781	0.000000
7	8.679704	11.152103	0.000000
8	8.609819	10.961571	0.000000
9	8.455924	11.106153	0.000000
10	8.419431	10.913881	0.000000
11	9.096169	11.558338	0.000000
12	9.208709	11.338926	0.000000
13	9.337313	11.504056	0.000000
14	9.299445	11.150248	0.000000
15	9.432005	11.308216	0.000000
16	9.390181	10.961571	0.000000
17	9.522741	11.119538	0.000000
18	9.580569	10.913881	0.000000
19	9.224773	11.723468	0.000000
20	9.500000	13.000000	0.000000
21	9.247225	12.624589	0.000000
22	9.239040	12.013464	0.000000
23	9.045574	12.284439	0.000000
24	8.749589	11.342635	0.000000
25	8.525809	11.296685	0.000000
26	8.566784	11.535992	0.000000
27	8.866609	11.560193	0.000000
28	8.983630	11.777750	0.000000
29	8.683804	11.753549	0.000000
30	8.790164	12.048725	0.000000
31	9.000000	13.000000	0.000000
32	8.798349	12.659850	0.000000
33	8.500000	13.000000	0.000000
34	8.343004	11.490041	0.000000
35	8.302028	11.250735	0.000000
36	8.121765	11.394672	0.000000
37	8.090151	11.177244	0.000000
38	8.268331	11.049247	0.000000
39	8.234633	10.847759	0.000000
40	8.056453	10.975756	0.000000
41	8.057207	10.763843	0.000000
42	9.465917	11.669186	0.000000
43	9.480184	11.959182	0.000000
44	9.718476	11.679254	0.000000
45	9.560609	11.473346	0.000000
46	9.655301	11.277506	0.000000
47	9.765367	10.847759	0.000000
48	9.944281	10.995836	0.000000
49	9.813168	11.483414	0.000000
50	9.710334	11.062633	0.000000
51	9.889248	11.210709	0.000000
52	9.942793	10.763843	0.000000
53	9.494450	12.249178	0.000000
54	10.000000	13.000000	0.000000
55	9.747225	12.624589	0.000000
56	9.963759	12.254641	0.000000
57	10.216534	12.630052	0.000000
58	9.732743	11.969250	0.000000
59	10.500000	13.000000	0.000000
60	12.500000	13.000000	0.000000
61	13.000000	13.000000	0.000000
62	13.066386	12.577155	0.000000
63	12.700162	12.677190	0.000000
64	13.382683	12.923880	0.000000
65	13.419939	12.430708	0.000000
66	13.707107	12.707107	0.000000
67	13.923880	12.382683	0.000000
68	0.034074	8.741181	0.000000
69	0.076120	12.382683	0.000000
70	0.491759	12.464749	0.000000
71	0.292893	12.707107	0.000000
72	0.617317	12.923880	0.000000
73	0.000000	9.000000	0.000000
74	0.294762	9.313409	0.000000
75	0.263321	8.986503	0.000000
76	0.000000	9.500000	0.000000
77	0.000000	10.000000	0.000000
78	0.294762	9.813409	0.000000
79	0.314282	10.262816	0.000000
80	0.000000	10.500000	0.000000
81	0.000000	11.000000	0.000000
82	0.000000	12.000000	0.000000
83	0.314282	10.762816	0.000000
84	0.336085	11.223976	0.000000
85	0.345313	12.111196	0.000000
86	0.336085	11.723976	0.000000
87	0.000000	11.500000	0.000000
88	8.596698	12.319700	0.000000
89	8.383979	11.729348	0.000000
90	8.046300	11.942725	0.000000
91	8.162740	11.633978	0.000000
92	8.298349	12.659850	0.000000
93	8.152660	12.237901	0.000000
94	8.490339	12.024524	0.000000
95	8.000000	13.000000	0.000000
96	7.854311	12.578051	0.000000
97	7.500000	13.000000	0.000000
98	7.941501	11.538609	0.000000
99	7.675662	11.502544	0.000000
100	7.909887	11.321181	0.000000
101	7.825061	11.847356	0.000000
102	7.878274	11.103753	0.000000
103	7.888860	10.662939	0.000000
104	7.672085	10.771341	0.000000
105	7.644048	11.285116	0.000000
106	7.883567	10.883346	0.000000
107	7.666792	10.991748	0.000000
108	7.731213	10.546021	0.000000
109	0.133975	8.500000	0.000000
110	0.469638	8.534969	0.000000
111	0.330308	8.736503	0.000000
112	0.292893	8.292893	0.000000
113	0.500000	8.133975	0.000000
114	0.652651	8.351956	0.000000
115	0.741181	8.034074	0.000000
116	11.000000	13.000000	0.000000
117	12.000000	13.000000	0.000000
118	11.231609	12.542678	0.000000
119	10.716534	12.630052	0.000000
120	12.200162	12.677190	0.000000
121	11.731609	12.542678	0.000000
122	11.500000	13.000000	0.000000
123	9.971035	11.689321	0.000000
124	10.202051	11.974713	0.000000
125	10.313992	11.595556	0.000000
126	10.047115	11.416617	0.000000
127	10.111140	10.662939	0.000000
128	10.345087	10.762632	0.000000
129	10.117168	10.903426	0.000000
130	10.268787	10.546021	0.000000
131	10.123195	11.143913	0.000000
132	10.351114	11.003119	0.000000
133	10.390072	11.322852	0.000000
134	10.433068	12.260104	0.000000
135	10.948143	12.172730	0.000000
136	10.545008	11.880948	0.000000
137	10.414214	10.414214	0.000000
138	10.618099	10.457202	0.000000
139	10.496623	10.638269	0.000000
140	10.546021	10.268787	0.000000
141	12.400324	12.354379	0.000000
142	12.389714	11.920193	0.000000
143	12.766547	12.254345	0.000000
144	11.931771	12.219868	0.000000
145	13.132771	12.154310	0.000000
146	12.755937	11.820159	0.000000
147	13.204791	11.738832	0.000000
148	13.566386	12.077155	0.000000
149	14.000000	12.000000	0.000000
150	13.638406	11.661677	0.000000
151	14.000000	11.500000	0.000000
152	0.526642	8.973005	0.000000
153	0.820751	9.098508	0.000000
154	0.665972	8.771472	0.000000
155	0.558083	9.299912	0.000000
156	0.690625	12.222391	0.000000
157	1.000000	13.000000	0.000000
158	1.250269	12.460249	0.000000
159	0.845313	12.611196	0.000000
160	0.681398	11.835172	0.000000
161	1.095582	12.071444	0.000000
162	1.500000	13.000000	0.000000
163	0.589525	9.626818	0.000000
164	0.936371	9.859026	0.000000
165	0.852193	9.425414	0.000000
166	0.609044	10.076225	0.000000
167	0.650367	10.986792	0.000000
168	0.628563	10.525633	0.000000
169	0.955891	10.308433	0.000000
170	0.941337	10.738513	0.000000
171	0.672170	11.447952	0.000000
172	1.086354	11.684225	0.000000
173	0.963141	11.199673	0.000000
174	7.708621	12.156102	0.000000
175	7.000000	13.000000	0.000000
176	7.354311	12.578051	0.000000
177	6.799241	12.519307	0.000000
178	7.153552	12.097358	0.000000
179	7.559222	11.811290	0.000000
180	6.500000	13.000000	0.000000
181	5.500000	13.000000	0.000000
182	6.000000	13.000000	0.000000
183	6.299241	12.519307	0.000000
184	5.789475	12.641588	0.000000
185	7.585786	10.414214	0.000000
186	7.346213	10.470474	0.000000
187	7.520549	10.646979	0.000000
188	7.453979	10.268787	0.000000
189	7.409823	11.466479	0.000000
190	7.004152	11.752546	0.000000
191	7.432567	11.173111	0.000000
192	7.103967	11.290253	0.000000
193	7.455311	10.879744	0.000000
194	7.280975	10.703239	0.000000
195	7.126712	10.996886	0.000000
196	0.805302	8.569938	0.000000
197	0.902651	8.284969	0.000000
198	1.181266	8.614336	0.000000
199	0.960082	8.896975	0.000000
200	1.000000	8.000000	0.000000
201	1.278615	8.329367	0.000000
202	1.500000	8.000000	0.000000
203	11.463219	12.085357	0.000000
204	10.656949	11.501792	0.000000
205	10.579033	10.862325	0.000000
206	10.617991	11.182058	0.000000
207	11.009719	11.212017	0.000000
208	11.412854	11.503799	0.000000
209	11.060084	11.793574	0.000000
210	11.921161	11.785682	0.000000
211	10.970761	10.892283	0.000000
212	10.700509	10.681257	0.000000
213	10.662939	10.111140	0.000000
214	10.742462	10.305665	0.000000
215	10.885367	10.141353	0.000000
216	10.763843	9.942793	0.000000
217	10.821984	10.500190	0.000000
218	10.964890	10.335878	0.000000
219	11.092237	10.711216	0.000000
220	10.847759	9.765367	0.000000
221	10.977777	9.968466	0.000000
222	11.047359	9.718248	0.000000
223	10.913881	9.580569	0.000000
224	12.827958	11.404681	0.000000
225	11.870797	11.204125	0.000000
226	12.379104	11.486008	0.000000
227	12.274065	11.071191	0.000000
228	12.569834	11.139190	0.000000
229	13.276812	11.323355	0.000000
230	13.638406	11.161677	0.000000
231	13.018688	11.057864	0.000000
232	13.307117	10.881230	0.000000
233	14.000000	11.000000	0.000000
234	13.668711	10.719552	0.000000
235	14.000000	10.500000	0.000000
236	5.000000	13.000000	0.000000
237	4.812806	12.563330	0.000000
238	5.289475	12.641588	0.000000
239	4.500000	13.000000	0.000000
240	2.000000	13.000000	0.000000
241	2.352041	12.492199	0.000000
242	1.750269	12.460249	0.000000
243	2.500000	13.000000	0.000000
244	3.500000	13.000000	0.000000
245	4.000000	13.000000	0.000000
246	4.312806	12.563330	0.000000
247	3.821820	12.613541	0.000000
248	3.000000	13.000000	0.000000
249	3.321820	12.613541	0.000000
250	2.852041	12.492199	0.000000
251	1.114861	9.224011	0.000000
252	1.531163	9.365535	0.000000
253	1.336045	8.941372	0.000000
254	1.199040	9.657622	0.000000
255	1.500538	11.920498	0.000000
256	1.283218	10.091233	0.000000
257	1.254112	10.951394	0.000000
258	1.615341	9.799146	0.000000
259	1.752520	10.413942	0.000000
260	1.861179	11.328574	0.000000
261	2.102310	11.952447	0.000000
262	1.268665	10.521314	0.000000
263	1.377325	11.435946	0.000000
264	1.737966	10.844022	0.000000
265	7.337061	10.111140	0.000000
266	7.112631	10.105205	0.000000
267	7.221850	10.318937	0.000000
268	7.236157	9.942793	0.000000
269	6.598482	12.038614	0.000000
270	5.578950	12.283176	0.000000
271	6.088716	12.160895	0.000000
272	5.102281	12.204918	0.000000
273	5.607186	11.743329	0.000000
274	6.116952	11.621048	0.000000
275	6.698297	11.576321	0.000000
276	7.106639	10.526734	0.000000
277	6.798112	11.114028	0.000000
278	6.952376	10.820381	0.000000
279	6.216767	11.158755	0.000000
280	6.790821	10.536190	0.000000
281	6.997421	10.313002	0.000000
282	6.636558	10.829837	0.000000
283	1.557229	8.658733	0.000000
284	1.778615	8.329367	0.000000
285	2.030010	8.703294	0.000000
286	1.752347	9.082896	0.000000
287	2.000000	8.000000	0.000000
288	2.251395	8.373928	0.000000
289	2.500000	8.000000	0.000000
290	11.362490	10.922242	0.000000
291	11.107795	10.171566	0.000000
292	11.546565	10.478544	0.000000
293	11.765758	10.789308	0.000000
294	11.235142	10.546904	0.000000
295	11.419218	10.103206	0.000000
296	11.177376	9.921347	0.000000
297	10.961571	9.390181	0.000000
298	11.104264	9.530655	0.000000
299	11.121631	9.297875	0.000000
300	10.990369	9.196034	0.000000
301	11.488800	9.852988	0.000000
302	11.246958	9.671128	0.000000
303	11.264325	9.438349	0.000000
304	11.417992	9.559219	0.000000
305	12.760565	10.792373	0.000000
306	12.169026	10.656375	0.000000
307	13.048993	10.615739	0.000000
308	11.949834	10.345611	0.000000
309	12.464795	10.724374	0.000000
310	12.678042	10.384263	0.000000
311	12.382272	10.316264	0.000000
312	13.337422	10.439104	0.000000
313	13.668711	10.219552	0.000000
314	12.966470	10.207629	0.000000
315	13.337040	9.966278	0.000000
316	14.000000	10.000000	0.000000
317	13.668329	9.746726	0.000000
318	14.000000	9.500000	0.000000
319	4.625612	12.126660	0.000000
320	2.704083	11.984397	0.000000
321	3.643639	12.227083	0.000000
322	5.130517	11.665071	0.000000
323	4.262973	11.542863	0.000000
324	3.771986	11.593075	0.000000
325	4.134626	12.176871	0.000000
326	3.173861	12.105740	0.000000
327	3.302208	11.471732	0.000000
328	2.462952	11.360524	0.000000
329	1.947465	9.507058	0.000000
330	2.084643	10.121854	0.000000
331	2.495087	9.591152	0.000000
332	2.225127	9.127457	0.000000
333	2.221821	10.736650	0.000000
334	3.061077	10.847858	0.000000
335	2.632265	10.205948	0.000000
336	7.152241	9.765367	0.000000
337	6.961936	9.713731	0.000000
338	7.020222	9.932318	0.000000
339	7.086119	9.580569	0.000000
340	6.888202	10.099269	0.000000
341	6.681603	10.322458	0.000000
342	6.640491	10.031017	0.000000
343	6.829916	9.880682	0.000000
344	4.767877	11.081275	0.000000
345	6.055212	10.874565	0.000000
346	5.635422	11.203483	0.000000
347	5.768058	10.757984	0.000000
348	5.367569	10.682278	0.000000
349	6.475003	10.545646	0.000000
350	6.433892	10.254206	0.000000
351	6.187849	10.429065	0.000000
352	2.502790	8.747855	0.000000
353	2.772749	9.211551	0.000000
354	2.751395	8.373928	0.000000
355	3.004066	8.732173	0.000000
356	3.000000	8.000000	0.000000
357	3.252671	8.358246	0.000000
358	3.500000	8.000000	0.000000
359	19.000000	1.500000	0.000000
360	19.000000	2.000000	0.000000
361	18.500106	2.125405	0.000000
362	18.681143	1.763702	0.000000
363	18.707107	2.707107	0.000000
364	18.353659	2.478959	0.000000
365	18.382683	2.923880	0.000000
366	18.923880	2.382683	0.000000
367	11.000000	9.000000	0.000000
368	11.140846	9.102785	0.000000
369	11.137057	8.875603	0.000000
370	10.990369	8.803966	0.000000
371	11.730641	10.034847	0.000000
372	11.895477	9.687371	0.000000
373	11.659834	9.741079	0.000000
374	12.163080	10.005500	0.000000
375	11.281692	9.205570	0.000000
376	11.589027	9.447310	0.000000
377	11.617767	9.203088	0.000000
378	11.435359	9.326440	0.000000
379	11.824669	9.393603	0.000000
380	11.277903	8.978388	0.000000
381	11.464100	9.082218	0.000000
382	10.961571	8.609819	0.000000
383	11.117843	8.680512	0.000000
384	11.072088	8.462688	0.000000
385	10.913881	8.419431	0.000000
386	12.595519	9.976153	0.000000
387	12.327915	9.658025	0.000000
388	12.645857	9.489926	0.000000
389	12.966088	9.734802	0.000000
390	13.336657	9.493452	0.000000
391	14.000000	9.000000	0.000000
392	13.344522	9.006653	0.000000
393	13.016427	9.248575	0.000000
394	13.676193	8.759927	0.000000
395	13.668329	9.246726	0.000000
396	14.000000	8.500000	0.000000
397	3.900333	10.959066	0.000000
398	3.042709	9.675246	0.000000
399	4.073143	10.201913	0.000000
400	4.500024	10.560070	0.000000
401	3.471521	10.317156	0.000000
402	3.644331	9.560003	0.000000
403	3.274025	9.195869	0.000000
404	7.038429	9.390181	0.000000
405	6.905030	9.526138	0.000000
406	6.863429	9.307661	0.000000
407	7.009631	9.196034	0.000000
408	6.582205	9.812430	0.000000
409	6.771630	9.662095	0.000000
410	6.730030	9.443619	0.000000
411	6.578977	9.581139	0.000000
412	4.672834	9.802916	0.000000
413	6.392780	9.962766	0.000000
414	5.099716	10.161073	0.000000
415	5.900694	10.312484	0.000000
416	5.856064	9.961767	0.000000
417	5.102791	9.771657	0.000000
418	5.500205	10.236778	0.000000
419	6.146737	10.137625	0.000000
420	5.455575	9.886061	0.000000
421	6.389552	9.731475	0.000000
422	6.102107	9.786908	0.000000
423	3.505342	8.716492	0.000000
424	3.875647	9.080626	0.000000
425	3.752671	8.358246	0.000000
426	3.895321	8.603965	0.000000
427	4.000000	8.000000	0.000000
428	4.142650	8.245719	0.000000
429	4.195090	7.980785	0.000000
430	19.000000	1.000000	0.000000
431	18.546017	0.930193	0.000000
432	18.681143	1.263702	0.000000
433	19.000000	0.500000	0.000000
434	18.181249	1.889107	0.000000
435	18.362286	1.527403	0.000000
436	18.039997	1.537302	0.000000
437	18.227160	1.193895	0.000000
438	18.000106	2.625405	0.000000
439	18.000000	3.000000	0.000000
440	17.500000	3.000000	0.000000
441	18.000211	2.250811	0.000000
442	17.500106	2.625405	0.000000
443	17.858960	1.899005	0.000000
444	17.598300	2.128685	0.000000
445	19.000000	0.000000	0.000000
446	18.546017	0.430193	0.000000
447	18.269231	0.000000	0.000000
448	11.274115	8.751206	0.000000
449	11.460311	8.855035	0.000000
450	11.228360	8.533381	0.000000
451	11.431350	8.575322	0.000000
452	12.060312	9.339896	0.000000
453	11.853410	9.149381	0.000000
454	12.378254	9.171797	0.000000
455	12.083181	8.968799	0.000000
456	11.646508	8.958865	0.000000
457	11.617546	8.679152	0.000000
458	11.876279	8.778284	0.000000
459	10.847759	8.234633	0.000000
460	11.015182	8.275095	0.000000
461	10.942072	8.070530	0.000000
462	10.763843	8.057207	0.000000
463	11.182605	8.315556	0.000000
464	11.294988	8.149307	0.000000
465	11.109495	8.110992	0.000000
466	11.385595	8.357497	0.000000
467	14.000000	8.000000	0.000000
468	13.668948	7.770456	0.000000
469	13.676193	8.259927	0.000000
470	14.000000	7.500000	0.000000
471	12.696196	9.003698	0.000000
472	12.689069	8.547588	0.000000
473	12.401123	8.800700	0.000000
474	13.024291	8.761776	0.000000
475	13.352387	8.519855	0.000000
476	13.017164	8.305666	0.000000
477	13.345142	8.030383	0.000000
478	10.662939	7.888860	0.000000
479	10.742049	7.698934	0.000000
480	10.849662	7.897644	0.000000
481	10.546021	7.731213	0.000000
482	4.245952	9.444760	0.000000
483	4.675909	9.413501	0.000000
484	4.265626	8.968099	0.000000
485	4.553775	9.107988	0.000000
486	6.844214	9.112571	0.000000
487	7.000000	9.000000	0.000000
488	6.839014	8.891430	0.000000
489	7.009631	8.803966	0.000000
490	6.688429	9.225142	0.000000
491	6.386323	9.500184	0.000000
492	6.295422	9.250359	0.000000
493	6.098879	9.555617	0.000000
494	6.537376	9.362663	0.000000
495	6.446475	9.112839	0.000000
496	6.683229	9.004001	0.000000
497	5.105866	9.382242	0.000000
498	5.458650	9.496646	0.000000
499	4.983732	9.076729	0.000000
500	5.316024	9.146969	0.000000
501	5.811435	9.611050	0.000000
502	6.007978	9.305793	0.000000
503	5.668809	9.261373	0.000000
504	4.285300	8.491437	0.000000
505	4.333992	8.207658	0.000000
506	4.573449	8.631327	0.000000
507	4.528000	8.321693	0.000000
508	4.382683	7.923880	0.000000
509	4.576692	8.037914	0.000000
510	4.555570	7.831470	0.000000
511	18.092033	0.860387	0.000000
512	17.717709	1.547200	0.000000
513	17.503673	0.992802	0.000000
514	17.815247	0.430193	0.000000
515	17.457048	1.776880	0.000000
516	17.904871	1.203793	0.000000
517	17.316511	1.336209	0.000000
518	17.000000	3.000000	0.000000
519	17.098194	2.503280	0.000000
520	16.671628	2.569966	0.000000
521	16.500000	3.000000	0.000000
522	17.196388	2.006559	0.000000
523	16.769822	2.073245	0.000000
524	17.055850	1.565888	0.000000
525	16.000000	3.000000	0.000000
526	16.171628	2.569966	0.000000
527	15.745152	2.683137	0.000000
528	15.500000	3.000000	0.000000
529	17.538462	0.000000	0.000000
530	17.226887	0.562609	0.000000
531	16.807692	0.000000	0.000000
532	14.444430	3.168530	0.000000
533	14.292893	3.292893	0.000000
534	14.249478	3.084637	0.000000
535	14.099119	3.289502	0.000000
536	14.168530	3.444430	0.000000
537	11.588585	8.399438	0.000000
538	12.106050	8.597702	0.000000
539	12.393996	8.344590	0.000000
540	11.497978	8.191247	0.000000
541	11.847317	8.498570	0.000000
542	12.017274	8.186880	0.000000
543	11.758542	8.087748	0.000000
544	11.036384	7.906428	0.000000
545	11.221877	7.944742	0.000000
546	10.928771	7.707718	0.000000
547	11.180823	7.698669	0.000000
548	11.407370	7.983057	0.000000
549	11.366316	7.736983	0.000000
550	11.667934	7.879558	0.000000
551	14.000000	7.000000	0.000000
552	13.663098	6.768249	0.000000
553	13.668948	7.270456	0.000000
554	14.000000	6.500000	0.000000
555	13.337897	7.540912	0.000000
556	12.681941	8.091477	0.000000
557	12.648395	7.607629	0.000000
558	12.305220	7.933768	0.000000
559	12.976373	7.332346	0.000000
560	13.332046	7.038705	0.000000
561	13.009919	7.816194	0.000000
562	14.000000	6.000000	0.000000
563	13.663098	6.268249	0.000000
564	13.679039	5.755337	0.000000
565	14.000000	5.500000	0.000000
566	14.076120	3.617317	0.000000
567	13.864566	3.700764	0.000000
568	13.990733	3.451714	0.000000
569	14.019215	3.804910	0.000000
570	14.000000	5.000000	0.000000
571	14.000000	4.000000	0.000000
572	13.826506	3.892105	0.000000
573	13.679039	5.255337	0.000000
574	13.733541	4.768428	0.000000
575	13.733541	4.268428	0.000000
576	14.000000	4.500000	0.000000
577	11.073210	7.499959	0.000000
578	10.414214	7.585786	0.000000
579	10.617686	7.547398	0.000000
580	10.459429	7.371005	0.000000
581	10.268787	7.453979	0.000000
582	10.821158	7.509009	0.000000
583	10.662901	7.332616	0.000000
584	10.919555	7.246207	0.000000
585	4.861598	8.771216	0.000000
586	5.193890	8.841456	0.000000
587	4.816149	8.461583	0.000000
588	5.087107	8.537220	0.000000
589	6.441275	8.891698	0.000000
590	6.678029	8.782861	0.000000
591	7.038429	8.609819	0.000000
592	6.858229	8.696340	0.000000
593	6.704150	8.560039	0.000000
594	6.884350	8.473518	0.000000
595	6.523937	8.648858	0.000000
596	7.086119	8.419431	0.000000
597	6.204521	9.000535	0.000000
598	5.526182	8.911696	0.000000
599	6.287183	8.757695	0.000000
600	5.865352	8.956115	0.000000
601	5.715195	8.670629	0.000000
602	6.054365	8.715049	0.000000
603	5.419399	8.607460	0.000000
604	4.770700	8.151949	0.000000
605	4.738904	7.929528	0.000000
606	5.041658	8.227587	0.000000
607	4.954864	7.961346	0.000000
608	4.707107	7.707107	0.000000
609	4.923067	7.738925	0.000000
610	4.831470	7.555570	0.000000
611	15.000000	3.000000	0.000000
612	14.617317	3.076120	0.000000
613	14.833961	2.676557	0.000000
614	15.245152	2.683137	0.000000
615	14.642619	2.714617	0.000000
616	14.411689	2.976250	0.000000
617	14.804910	3.019215	0.000000
618	16.915313	1.125217	0.000000
619	16.343255	2.139932	0.000000
620	16.496118	0.562609	0.000000
621	16.176215	1.232518	0.000000
622	15.916779	2.253103	0.000000
623	16.629284	1.632574	0.000000
624	15.890187	1.739875	0.000000
625	15.490303	2.366274	0.000000
626	15.079112	2.359694	0.000000
627	15.463711	1.853046	0.000000
628	16.076923	0.000000	0.000000
629	15.757021	0.669909	0.000000
630	15.346154	0.000000	0.000000
631	14.055704	3.081245	0.000000
632	14.436992	2.614747	0.000000
633	14.206062	2.876380	0.000000
634	13.971323	2.865689	0.000000
635	14.079092	2.630868	0.000000
636	13.905345	3.286111	0.000000
637	13.779179	3.535161	0.000000
638	13.820964	3.070554	0.000000
639	13.640510	3.277902	0.000000
640	11.928498	7.776058	0.000000
641	11.325261	7.490910	0.000000
642	11.842441	7.269937	0.000000
643	11.171606	7.237158	0.000000
644	11.626880	7.633484	0.000000
645	12.271674	7.449919	0.000000
646	11.540822	7.127362	0.000000
647	13.326195	6.536497	0.000000
648	12.970522	6.830139	0.000000
649	13.342136	6.023586	0.000000
650	12.955824	6.300265	0.000000
651	12.614849	7.123780	0.000000
652	12.600150	6.593907	0.000000
653	12.185616	6.943798	0.000000
654	13.358077	5.510674	0.000000
655	13.022971	5.229220	0.000000
656	13.412579	5.023765	0.000000
657	12.971765	5.787354	0.000000
658	13.653012	3.784211	0.000000
659	13.321307	3.881122	0.000000
660	13.514344	3.526952	0.000000
661	13.560047	4.160533	0.000000
662	13.467081	4.536856	0.000000
663	13.077473	4.742311	0.000000
664	13.228342	4.257445	0.000000
665	11.387168	6.873611	0.000000
666	10.111140	7.337061	0.000000
667	10.107418	7.109691	0.000000
668	10.307892	7.246642	0.000000
669	9.942793	7.236157	0.000000
670	11.017952	6.983406	0.000000
671	10.504644	7.156223	0.000000
672	10.761298	7.069814	0.000000
673	10.304170	7.019272	0.000000
674	11.076583	6.662741	0.000000
675	10.793543	6.786330	0.000000
676	10.536889	6.872739	0.000000
677	9.765367	7.152241	0.000000
678	9.702961	6.935118	0.000000
679	9.934531	7.017281	0.000000
680	9.580569	7.086119	0.000000
681	9.390181	7.038429	0.000000
682	9.283172	6.859141	0.000000
683	9.515368	6.878212	0.000000
684	9.196034	7.009631	0.000000
685	5.312616	8.303224	0.000000
686	5.608412	8.366393	0.000000
687	5.225821	8.036984	0.000000
688	5.520031	8.070393	0.000000
689	7.152241	8.234633	0.000000
690	6.941256	8.285925	0.000000
691	6.983522	8.046295	0.000000
692	7.236157	8.057207	0.000000
693	6.369845	8.514855	0.000000
694	6.339155	8.273727	0.000000
695	6.550058	8.426036	0.000000
696	6.137026	8.472209	0.000000
697	6.730271	8.337217	0.000000
698	6.772537	8.097587	0.000000
699	6.519369	8.184908	0.000000
700	5.904208	8.429563	0.000000
701	5.815827	8.133562	0.000000
702	6.106337	8.231081	0.000000
703	7.337061	7.888860	0.000000
704	7.202294	7.657464	0.000000
705	7.075932	7.873408	0.000000
706	7.453979	7.731213	0.000000
707	5.139027	7.770743	0.000000
708	5.293795	7.530627	0.000000
709	5.031453	7.576713	0.000000
710	5.433236	7.804152	0.000000
711	4.923880	7.382683	0.000000
712	5.186221	7.336598	0.000000
713	4.980785	7.195090	0.000000
714	14.667922	2.353114	0.000000
715	15.437118	1.339819	0.000000
716	14.680724	1.368827	0.000000
717	14.310022	2.369235	0.000000
718	14.296126	1.875475	0.000000
719	15.026251	0.669909	0.000000
720	15.052520	1.846466	0.000000
721	14.615385	0.000000	0.000000
722	14.269857	0.698918	0.000000
723	13.884615	0.000000	0.000000
724	13.736584	2.854998	0.000000
725	13.952122	2.385356	0.000000
726	13.548251	2.411200	0.000000
727	13.938226	1.891596	0.000000
728	13.556130	3.062346	0.000000
729	13.440482	2.646021	0.000000
730	13.844353	2.620177	0.000000
731	13.182639	3.623864	0.000000
732	13.375676	3.269694	0.000000
733	13.022463	3.271000	0.000000
734	13.260028	2.853369	0.000000
735	11.756384	6.763815	0.000000
736	12.585452	6.064033	0.000000
737	12.170918	6.413924	0.000000
738	11.445798	6.552946	0.000000
739	11.705616	6.144562	0.000000
740	12.120150	5.794671	0.000000
741	12.636659	5.505900	0.000000
742	12.687865	4.947766	0.000000
743	12.989602	3.978034	0.000000
744	12.838734	4.462900	0.000000
745	12.171356	5.236538	0.000000
746	12.311482	4.510402	0.000000
747	12.829426	3.625170	0.000000
748	12.462350	4.025536	0.000000
749	9.000000	7.000000	0.000000
750	8.864041	6.848537	0.000000
751	9.088082	6.839926	0.000000
752	8.803966	7.009631	0.000000
753	7.585786	7.585786	0.000000
754	7.326657	7.505927	0.000000
755	7.516780	7.346549	0.000000
756	7.731213	7.453979	0.000000
757	8.609819	7.038429	0.000000
758	8.668951	6.867752	0.000000
759	8.449571	6.898303	0.000000
760	8.419431	7.086119	0.000000
761	8.234633	7.152241	0.000000
762	7.888860	7.337061	0.000000
763	7.873946	7.113821	0.000000
764	8.261978	6.955209	0.000000
765	8.046833	7.021411	0.000000
766	7.668317	7.222186	0.000000
767	8.057207	7.236157	0.000000
768	11.135213	6.342077	0.000000
769	10.852174	6.465666	0.000000
770	11.395030	5.933693	0.000000
771	10.886523	6.072878	0.000000
772	10.103696	6.882321	0.000000
773	10.052824	6.575994	0.000000
774	10.336415	6.735788	0.000000
775	9.872126	6.800158	0.000000
776	10.569134	6.589255	0.000000
777	10.285543	6.429461	0.000000
778	10.603483	6.196467	0.000000
779	9.640556	6.717995	0.000000
780	9.408360	6.698923	0.000000
781	9.821254	6.493831	0.000000
782	9.500800	6.462537	0.000000
783	8.952124	6.688463	0.000000
784	9.176164	6.679852	0.000000
785	9.030975	6.514408	0.000000
786	9.268604	6.443466	0.000000
787	5.727446	7.837562	0.000000
788	6.814803	7.857956	0.000000
789	6.308466	8.032600	0.000000
790	6.941165	7.642012	0.000000
791	6.558505	7.554297	0.000000
792	6.305337	7.641619	0.000000
793	6.561634	7.945278	0.000000
794	6.017956	7.935081	0.000000
795	5.588004	7.564037	0.000000
796	6.014826	7.544100	0.000000
797	7.257650	7.266690	0.000000
798	7.067527	7.426068	0.000000
799	7.004434	7.161834	0.000000
800	6.684867	7.338353	0.000000
801	5.448562	7.290512	0.000000
802	5.550379	6.916348	0.000000
803	5.224281	7.145256	0.000000
804	5.875385	7.270575	0.000000
805	5.000000	7.000000	0.000000
806	5.326098	6.771091	0.000000
807	5.000000	6.500000	0.000000
808	13.924330	1.397836	0.000000
809	13.189494	1.338710	0.000000
810	13.539088	0.698918	0.000000
811	13.534355	1.917440	0.000000
812	13.153846	0.000000	0.000000
813	12.804252	0.639792	0.000000
814	12.423077	0.000000	0.000000
815	13.144380	2.437044	0.000000
816	12.669250	3.272306	0.000000
817	12.799519	1.858314	0.000000
818	12.457417	2.520204	0.000000
819	12.302174	3.672672	0.000000
820	12.906815	2.854675	0.000000
821	12.219852	2.937835	0.000000
822	11.654847	5.525309	0.000000
823	11.146340	5.664495	0.000000
824	11.193477	5.102736	0.000000
825	11.794973	4.799174	0.000000
826	11.852776	3.338201	0.000000
827	11.935098	4.073038	0.000000
828	11.333602	4.376600	0.000000
829	11.400448	3.798623	0.000000
830	8.728083	6.697074	0.000000
831	8.508703	6.727626	0.000000
832	8.806934	6.523019	0.000000
833	8.546472	6.494051	0.000000
834	7.447774	7.107311	0.000000
835	7.194557	7.002456	0.000000
836	7.653403	6.998946	0.000000
837	7.413093	6.817169	0.000000
838	8.074178	6.824379	0.000000
839	8.289324	6.758177	0.000000
840	8.093575	6.593294	0.000000
841	8.327092	6.524602	0.000000
842	7.859033	6.890581	0.000000
843	7.618723	6.708804	0.000000
844	7.878429	6.659496	0.000000
845	10.637833	5.803680	0.000000
846	10.001952	6.269668	0.000000
847	9.829207	5.803431	0.000000
848	9.681498	6.238374	0.000000
849	10.319892	6.036674	0.000000
850	10.147148	5.570437	0.000000
851	10.684969	5.241921	0.000000
852	9.361044	6.207080	0.000000
853	8.885786	6.348964	0.000000
854	8.807573	6.058533	0.000000
855	9.123415	6.278022	0.000000
856	8.625323	6.319996	0.000000
857	9.508753	5.772137	0.000000
858	9.045202	5.987591	0.000000
859	6.302207	7.250638	0.000000
860	6.941341	6.897600	0.000000
861	6.424748	6.723551	0.000000
862	7.159877	6.712313	0.000000
863	6.621774	7.074119	0.000000
864	5.977201	6.896411	0.000000
865	6.744315	6.547032	0.000000
866	5.652196	6.542183	0.000000
867	5.665222	6.044615	0.000000
868	5.326098	6.271091	0.000000
869	6.099742	6.369324	0.000000
870	5.000000	6.000000	0.000000
871	5.339124	5.773524	0.000000
872	5.000000	5.500000	0.000000
873	12.454659	1.279585	0.000000
874	12.112556	1.941474	0.000000
875	12.073483	0.639792	0.000000
876	11.721074	1.268410	0.000000
877	11.692308	0.000000	0.000000
878	11.339898	0.628617	0.000000
879	10.961538	0.000000	0.000000
880	11.770453	2.603364	0.000000
881	11.318126	3.063786	0.000000
882	11.012388	2.539106	0.000000
883	11.378971	1.930299	0.000000
884	10.732106	4.680163	0.000000
885	10.865798	3.524208	0.000000
886	10.560060	2.999528	0.000000
887	10.221009	3.668474	0.000000
888	10.194284	5.008678	0.000000
889	10.798952	4.102186	0.000000
890	10.154163	4.246452	0.000000
891	8.364861	6.291027	0.000000
892	7.378413	6.527027	0.000000
893	7.897826	6.428411	0.000000
894	8.131343	6.359719	0.000000
895	7.757275	6.034108	0.000000
896	7.497569	6.083416	0.000000
897	7.638119	6.477719	0.000000
898	6.962851	6.361746	0.000000
899	7.990793	5.965416	0.000000
900	8.547110	6.029564	0.000000
901	6.112768	5.871756	0.000000
902	9.656463	5.337194	0.000000
903	9.192911	5.552647	0.000000
904	9.616341	4.574967	0.000000
905	9.073138	5.023865	0.000000
906	8.729360	5.768101	0.000000
907	8.609587	5.239319	0.000000
908	8.173043	5.703953	0.000000
909	6.547289	6.196465	0.000000
910	6.478413	5.603145	0.000000
911	7.082007	5.918135	0.000000
912	5.678248	5.547047	0.000000
913	5.618871	5.052659	0.000000
914	5.339124	5.273524	0.000000
915	6.043892	5.278436	0.000000
916	5.000000	5.000000	0.000000
917	5.279747	4.779135	0.000000
918	5.000000	4.500000	0.000000
919	10.987488	1.257235	0.000000
920	10.248162	1.244684	0.000000
921	10.609129	0.628617	0.000000
922	10.620906	1.866041	0.000000
923	10.230769	0.000000	0.000000
924	9.869802	0.616067	0.000000
925	9.500000	0.000000	0.000000
926	10.254323	2.474847	0.000000
927	9.881579	1.853491	0.000000
928	9.528037	2.476910	0.000000
929	9.915271	3.143794	0.000000
930	9.033016	4.261638	0.000000
931	9.576219	3.812740	0.000000
932	9.188986	3.145856	0.000000
933	8.911513	3.678562	0.000000
934	5.984515	4.784048	0.000000
935	7.616725	5.639804	0.000000
936	6.409536	5.009825	0.000000
937	8.489813	4.710537	0.000000
938	8.053269	5.175170	0.000000
939	6.230047	4.506460	0.000000
940	7.013130	5.324815	0.000000
941	7.396249	4.876067	0.000000
942	8.368310	4.127460	0.000000
943	6.792655	4.561077	0.000000
944	7.832793	4.411433	0.000000
945	5.559494	4.558271	0.000000
946	5.805026	4.280683	0.000000
947	5.455692	4.173544	0.000000
948	5.279747	4.279135	0.000000
949	5.000000	4.000000	0.000000
950	5.175945	3.894408	0.000000
951	4.980785	3.804910	0.000000
952	9.508835	1.232134	0.000000
953	8.769165	1.242942	0.000000
954	9.139033	0.616067	0.000000
955	9.155294	1.855553	0.000000
956	8.769231	0.000000	0.000000
957	8.399363	0.626875	0.000000
958	8.038462	0.000000	0.000000
959	8.801752	2.478972	0.000000
960	8.246807	3.544384	0.000000
961	8.415624	1.866361	0.000000
962	7.758053	3.075441	0.000000
963	7.711290	3.828357	0.000000
964	8.035526	2.542735	0.000000
965	8.524279	3.011678	0.000000
966	5.701224	3.895956	0.000000
967	6.613166	4.057713	0.000000
968	6.050558	4.003095	0.000000
969	5.834832	3.631640	0.000000
970	6.205572	3.640372	0.000000
971	7.175774	4.112330	0.000000
972	6.768180	3.694989	0.000000
973	7.222536	3.359414	0.000000
974	5.351890	3.788817	0.000000
975	5.137885	3.703067	0.000000
976	5.485498	3.524500	0.000000
977	5.213092	3.533575	0.000000
978	4.923880	3.617317	0.000000
979	4.999087	3.447825	0.000000
980	4.831470	3.444430	0.000000
981	5.346701	3.269258	0.000000
982	8.029496	1.253750	0.000000
983	7.649397	1.930124	0.000000
984	7.298752	1.247145	0.000000
985	7.668594	0.626875	0.000000
986	7.307692	0.000000	0.000000
987	6.937851	0.620270	0.000000
988	6.576923	0.000000	0.000000
989	7.269299	2.606497	0.000000
990	5.619107	3.260184	0.000000
991	6.360586	3.277649	0.000000
992	6.918654	1.923519	0.000000
993	5.728032	2.817067	0.000000
994	6.098772	2.825800	0.000000
995	5.989847	3.268917	0.000000
996	5.406031	3.032492	0.000000
997	6.553128	2.490224	0.000000
998	6.814943	2.942073	0.000000
999	5.074295	3.278333	0.000000
1000	4.890701	3.285613	0.000000
1001	4.893508	3.070949	0.000000
1002	5.133625	3.041566	0.000000
1003	4.707107	3.292893	0.000000
1004	4.709914	3.078229	0.000000
1005	4.555570	3.168530	0.000000
1006	5.192955	2.804799	0.000000
1007	4.952838	2.834182	0.000000
1008	5.514956	2.589375	0.000000
1009	4.990293	2.505049	0.000000
1010	6.568009	1.240541	0.000000
1011	5.873355	1.225525	0.000000
1012	6.207081	0.620270	0.000000
1013	6.202483	1.807246	0.000000
1014	5.846154	0.000000	0.000000
1015	5.512427	0.605255	0.000000
1016	5.115385	0.000000	0.000000
1017	5.836957	2.373951	0.000000
1018	5.507829	1.792230	0.000000
1019	5.312294	2.289624	0.000000
1020	4.712721	2.863566	0.000000
1021	4.547702	2.969843	0.000000
1022	4.750176	2.534432	0.000000
1023	4.439910	2.682378	0.000000
1024	4.382683	3.076120	0.000000
1025	4.274891	2.788655	0.000000
1026	4.195090	3.019215	0.000000
1027	4.787631	2.205298	0.000000
1028	5.178701	1.210510	0.000000
1029	4.384615	0.000000	0.000000
1030	4.781658	0.605255	0.000000
1031	4.029544	0.710979	0.000000
1032	4.426587	1.316234	0.000000
1033	4.477365	2.353244	0.000000
1034	4.983166	1.707904	0.000000
1035	4.231053	1.813628	0.000000
1036	3.653846	0.000000	0.000000
1037	4.083549	2.750595	0.000000
1038	4.167099	2.501190	0.000000
1039	3.806883	2.452366	0.000000
1040	3.920786	1.961574	0.000000
1041	4.000000	3.000000	0.000000
1042	3.723334	2.701771	0.000000
1043	3.500000	3.000000	0.000000
1044	3.298775	0.710979	0.000000
1045	2.923077	0.000000	0.000000
1046	2.531185	0.490236	0.000000
1047	2.192308	0.000000	0.000000
1048	3.674474	1.421958	0.000000
1049	3.446667	2.403542	0.000000
1050	3.037172	1.754363	0.000000
1051	2.906883	1.201215	0.000000
1052	3.223334	2.701771	0.000000
1053	2.923269	2.245155	0.000000
1054	3.560570	1.912750	0.000000
1055	3.000000	3.000000	0.000000
1056	2.699936	2.543384	0.000000
1057	2.500000	3.000000	0.000000
1058	2.269582	1.533620	0.000000
1059	2.139293	0.980472	0.000000
1060	1.461538	0.000000	0.000000
1061	1.545246	0.907593	0.000000
1062	1.800416	0.490236	0.000000
1063	1.206369	0.417357	0.000000
1064	1.794876	1.255411	0.000000
1065	0.730769	0.000000	0.000000
1066	2.399871	2.086768	0.000000
1067	2.000000	3.000000	0.000000
1068	1.925165	1.808559	0.000000
1069	2.199936	2.543384	0.000000
1070	1.557341	2.630325	0.000000
1071	1.000000	3.000000	0.000000
1072	1.057341	2.630325	0.000000
1073	1.757277	2.173708	0.000000
1074	1.500000	3.000000	0.000000
1075	0.617317	2.923880	0.000000
1076	1.450458	1.530351	0.000000
1077	1.200829	1.182532	0.000000
1078	1.282570	1.895500	0.000000
1079	1.074455	1.528251	0.000000
1080	0.703788	2.483878	0.000000
1081	0.292893	2.707107	0.000000
1082	0.076120	2.382683	0.000000
1083	0.475600	0.417357	0.000000
1084	0.000000	0.000000	0.000000
1085	0.000000	0.500000	0.000000
1086	0.951199	0.834714	0.000000
1087	0.475600	0.917357	0.000000
1088	0.824826	1.180433	0.000000
1089	1.114683	2.260649	0.000000
1090	0.557341	2.130325	0.000000
1091	0.906567	1.893401	0.000000
1092	0.698452	1.526152	0.000000
1093	0.000000	2.000000	0.000000
1094	0.000000	1.000000	0.000000
1095	0.349226	1.263076	0.000000
1096	0.349226	1.763076	0.000000
1097	0.000000	1.500000	0.000000

%MODEL.NODE_SUPPORT
27
814	1	1	0
1065	1	1	0
812	1	1	0
628	1	1	0
721	1	1	0
447	1	1	0
925	1	1	0
1014	1	1	0
923	1	1	0
723	1	1	0
1029	1	1	0
1060	1	1	0
956	1	1	0
877	1	1	0
630	1	1	0
445	1	1	0
1016	1	1	0
531	1	1	0
1036	1	1	0
1047	1	1	0
958	1	1	0
1045	1	1	0
988	1	1	0
986	1	1	0
529	1	1	0
879	1	1	0
1084	1	1	0

%MODEL.MATERIAL_PROPERTY
1
1	10000.000000	0.250000

%MODEL.ELEMENT_TRI6
495
1	1 1	1	1	1060	1063	1086	1083	1084	1065
2	1 1	1	1	1045	1046	1059	1062	1060	1047
3	1 1	1	1	1014	1015	1028	1030	1029	1016
4	1 1	1	1	986	987	1010	1012	1014	988
5	1 1	1	1	445	446	511	514	529	447
6	1 1	1	1	923	924	952	954	956	925
7	1 1	1	1	956	957	982	985	986	958
8	1 1	1	1	529	530	618	620	628	531
9	1 1	1	1	1029	1031	1048	1044	1045	1036
10	1 1	1	1	877	878	919	921	923	879
11	1 1	1	1	812	813	873	875	877	814
12	1 1	1	1	1060	1062	1059	1061	1086	1063
13	1 1	1	1	1084	1083	1086	1087	1094	1085
14	1 1	1	1	628	629	715	719	721	630
15	1 1	1	1	721	722	808	810	812	723
16	1 1	1	1	430	431	511	446	445	433
17	1 1	1	1	529	514	511	513	618	530
18	1 1	1	1	1014	1012	1010	1011	1028	1015
19	1 1	1	1	1045	1044	1048	1051	1059	1046
20	1 1	1	1	956	954	952	953	982	957
21	1 1	1	1	986	985	982	984	1010	987
22	1 1	1	1	923	921	919	920	952	924
23	1 1	1	1	618	621	715	629	628	620
24	1 1	1	1	1029	1030	1028	1032	1048	1031
25	1 1	1	1	873	876	919	878	877	875
26	1 1	1	1	812	810	808	809	873	813
27	1 1	1	1	715	716	808	722	721	719
28	1 1	1	1	1059	1064	1076	1077	1086	1061
29	1 1	1	1	1094	1087	1086	1088	1092	1095
30	1 1	1	1	430	432	435	437	511	431
31	1 1	1	1	511	516	512	517	618	513
32	1 1	1	1	1086	1077	1076	1079	1092	1088
33	1 1	1	1	435	436	512	516	511	437
34	1 1	1	1	1048	1050	1066	1058	1059	1051
35	1 1	1	1	1094	1095	1092	1096	1093	1097
36	1 1	1	1	618	623	619	624	715	621
37	1 1	1	1	360	362	435	432	430	359
38	1 1	1	1	1076	1064	1059	1058	1066	1068
39	1 1	1	1	1010	1013	1017	1018	1028	1011
40	1 1	1	1	522	524	618	517	512	515
41	1 1	1	1	1027	1035	1048	1032	1028	1034
42	1 1	1	1	919	922	926	927	952	920
43	1 1	1	1	952	955	959	961	982	953
44	1 1	1	1	714	718	808	716	715	720
45	1 1	1	1	808	811	815	817	873	809
46	1 1	1	1	982	983	989	992	1010	984
47	1 1	1	1	619	623	618	524	522	523
48	1 1	1	1	1092	1079	1076	1078	1089	1091
49	1 1	1	1	441	443	512	436	435	434
50	1 1	1	1	873	874	880	883	919	876
51	1 1	1	1	1017	1019	1027	1034	1028	1018
52	1 1	1	1	441	434	435	362	360	361
53	1 1	1	1	1093	1096	1092	1091	1089	1090
54	1 1	1	1	625	627	715	624	619	622
55	1 1	1	1	522	515	512	443	441	444
56	1 1	1	1	1089	1078	1076	1068	1066	1073
57	1 1	1	1	1066	1050	1048	1054	1049	1053
58	1 1	1	1	714	720	715	627	625	626
59	1 1	1	1	725	727	808	718	714	717
60	1 1	1	1	952	927	926	928	959	955
61	1 1	1	1	1038	1040	1048	1035	1027	1033
62	1 1	1	1	1010	992	989	997	1017	1013
63	1 1	1	1	808	727	725	726	815	811
64	1 1	1	1	1049	1054	1048	1040	1038	1039
65	1 1	1	1	815	818	880	874	873	817
66	1 1	1	1	880	882	926	922	919	883
67	1 1	1	1	982	961	959	964	989	983
68	1 1	1	1	363	364	441	361	360	366
69	1 1	1	1	1093	1090	1089	1080	1081	1082
70	1 1	1	1	619	523	522	519	518	520
71	1 1	1	1	1027	1019	1017	1008	1006	1009
72	1 1	1	1	518	519	522	444	441	442
73	1 1	1	1	1067	1070	1089	1073	1066	1069
74	1 1	1	1	1055	1056	1066	1053	1049	1052
75	1 1	1	1	1038	1033	1027	1022	1020	1023
76	1 1	1	1	525	527	625	622	619	526
77	1 1	1	1	633	635	725	717	714	632
78	1 1	1	1	724	729	815	726	725	730
79	1 1	1	1	714	626	625	614	611	613
80	1 1	1	1	1027	1009	1006	1007	1020	1022
81	1 1	1	1	1041	1042	1049	1039	1038	1037
82	1 1	1	1	1081	1080	1089	1072	1071	1075
83	1 1	1	1	439	438	441	364	363	365
84	1 1	1	1	1067	1069	1066	1056	1055	1057
85	1 1	1	1	724	730	725	635	633	634
86	1 1	1	1	989	998	991	994	1017	997
87	1 1	1	1	1071	1072	1089	1070	1067	1074
88	1 1	1	1	525	526	619	520	518	521
89	1 1	1	1	815	820	816	821	880	818
90	1 1	1	1	612	616	633	632	714	615
91	1 1	1	1	518	442	441	438	439	440
92	1 1	1	1	611	614	625	527	525	528
93	1 1	1	1	1055	1052	1049	1042	1041	1043
94	1 1	1	1	1006	1008	1017	993	990	996
95	1 1	1	1	1024	1025	1038	1023	1020	1021
96	1 1	1	1	612	615	714	613	611	617
97	1 1	1	1	880	881	885	886	926	882
98	1 1	1	1	732	734	815	729	724	728
99	1 1	1	1	1041	1037	1038	1025	1024	1026
100	1 1	1	1	959	965	960	962	989	964
101	1 1	1	1	926	929	931	932	959	928
102	1 1	1	1	1017	994	991	995	990	993
103	1 1	1	1	816	820	815	734	732	733
104	1 1	1	1	1020	1007	1006	1002	999	1001
105	1 1	1	1	636	638	724	634	633	631
106	1 1	1	1	1024	1021	1020	1004	1003	1005
107	1 1	1	1	533	534	633	616	612	532
108	1 1	1	1	1006	996	990	981	999	1002
109	1 1	1	1	732	728	724	638	636	639
110	1 1	1	1	1020	1001	999	1000	1003	1004
111	1 1	1	1	885	887	931	929	926	886
112	1 1	1	1	636	631	633	534	533	535
113	1 1	1	1	959	932	931	933	960	965
114	1 1	1	1	816	819	827	826	880	821
115	1 1	1	1	989	973	971	972	991	998
116	1 1	1	1	880	826	827	829	885	881
117	1 1	1	1	960	963	971	973	989	962
118	1 1	1	1	1003	1000	999	979	978	980
119	1 1	1	1	999	981	990	976	974	977
120	1 1	1	1	566	568	636	535	533	536
121	1 1	1	1	658	660	732	639	636	637
122	1 1	1	1	743	747	816	733	732	731
123	1 1	1	1	990	995	991	970	968	969
124	1 1	1	1	999	977	974	975	978	979
125	1 1	1	1	566	567	658	637	636	568
126	1 1	1	1	658	659	743	731	732	660
127	1 1	1	1	990	969	968	966	974	976
128	1 1	1	1	743	748	827	819	816	747
129	1 1	1	1	991	972	971	967	968	970
130	1 1	1	1	571	572	658	567	566	569
131	1 1	1	1	978	975	974	950	949	951
132	1 1	1	1	885	889	884	890	931	887
133	1 1	1	1	931	930	937	942	960	933
134	1 1	1	1	827	828	884	889	885	829
135	1 1	1	1	662	664	743	659	658	661
136	1 1	1	1	960	942	937	944	971	963
137	1 1	1	1	662	661	658	572	571	575
138	1 1	1	1	949	950	974	947	945	948
139	1 1	1	1	974	966	968	946	945	947
140	1 1	1	1	742	746	827	748	743	744
141	1 1	1	1	968	967	971	943	936	939
142	1 1	1	1	742	744	743	664	662	663
143	1 1	1	1	570	574	662	575	571	576
144	1 1	1	1	949	948	945	917	916	918
145	1 1	1	1	945	946	968	939	936	934
146	1 1	1	1	902	904	931	890	884	888
147	1 1	1	1	937	930	931	904	902	905
148	1 1	1	1	822	824	884	828	827	825
149	1 1	1	1	971	944	937	938	935	941
150	1 1	1	1	822	825	827	746	742	745
151	1 1	1	1	936	943	971	941	935	940
152	1 1	1	1	654	655	742	663	662	656
153	1 1	1	1	570	573	654	656	662	574
154	1 1	1	1	916	917	945	913	912	914
155	1 1	1	1	945	934	936	915	912	913
156	1 1	1	1	906	907	937	905	902	903
157	1 1	1	1	902	888	884	851	845	850
158	1 1	1	1	884	824	822	823	845	851
159	1 1	1	1	935	938	937	907	906	908
160	1 1	1	1	562	564	654	573	570	565
161	1 1	1	1	916	914	912	871	870	872
162	1 1	1	1	654	657	736	741	742	655
163	1 1	1	1	736	740	822	745	742	741
164	1 1	1	1	912	915	936	910	909	901
165	1 1	1	1	936	940	935	911	909	910
166	1 1	1	1	906	903	902	857	852	858
167	1 1	1	1	846	847	902	850	845	849
168	1 1	1	1	935	908	906	900	891	899
169	1 1	1	1	845	823	822	770	768	771
170	1 1	1	1	852	857	902	847	846	848
171	1 1	1	1	562	563	647	649	654	564
172	1 1	1	1	870	871	912	867	866	868
173	1 1	1	1	647	650	736	657	654	649
174	1 1	1	1	853	854	906	858	852	855
175	1 1	1	1	893	895	935	899	891	894
176	1 1	1	1	912	901	909	869	866	867
177	1 1	1	1	891	900	906	854	853	856
178	1 1	1	1	909	911	935	896	892	898
179	1 1	1	1	736	737	735	739	822	740
180	1 1	1	1	892	896	935	895	893	897
181	1 1	1	1	846	849	845	778	776	777
182	1 1	1	1	768	770	822	739	735	738
183	1 1	1	1	845	771	768	769	776	778
184	1 1	1	1	852	848	846	781	779	782
185	1 1	1	1	853	855	852	786	784	785
186	1 1	1	1	830	833	891	856	853	832
187	1 1	1	1	893	894	891	841	839	840
188	1 1	1	1	784	786	852	782	779	780
189	1 1	1	1	870	868	866	806	805	807
190	1 1	1	1	551	552	647	563	562	554
191	1 1	1	1	830	832	853	785	784	783
192	1 1	1	1	860	865	909	898	892	862
193	1 1	1	1	839	841	891	833	830	831
194	1 1	1	1	772	773	846	777	776	774
195	1 1	1	1	892	897	893	844	842	843
196	1 1	1	1	651	652	736	650	647	648
197	1 1	1	1	779	781	846	773	772	775
198	1 1	1	1	776	769	768	674	670	675
199	1 1	1	1	842	844	893	840	839	838
200	1 1	1	1	651	653	735	737	736	652
201	1 1	1	1	866	869	909	861	859	864
202	1 1	1	1	670	674	768	738	735	665
203	1 1	1	1	749	750	830	783	784	751
204	1 1	1	1	784	780	779	683	681	682
205	1 1	1	1	909	865	860	863	859	861
206	1 1	1	1	839	831	830	758	757	759
207	1 1	1	1	834	837	892	843	842	836
208	1 1	1	1	834	835	860	862	892	837
209	1 1	1	1	772	774	776	676	671	673
210	1 1	1	1	749	751	784	682	681	684
211	1 1	1	1	757	758	830	750	749	752
212	1 1	1	1	776	675	670	672	671	676
213	1 1	1	1	677	678	779	775	772	679
214	1 1	1	1	842	838	839	764	761	765
215	1 1	1	1	805	806	866	802	801	803
216	1 1	1	1	681	683	779	678	677	680
217	1 1	1	1	761	764	839	759	757	760
218	1 1	1	1	551	553	555	560	647	552
219	1 1	1	1	866	864	859	804	801	802
220	1 1	1	1	555	559	651	648	647	560
221	1 1	1	1	670	665	735	646	641	643
222	1 1	1	1	762	766	834	836	842	763
223	1 1	1	1	677	679	772	667	666	669
224	1 1	1	1	762	763	842	765	761	767
225	1 1	1	1	666	667	772	673	671	668
226	1 1	1	1	798	799	860	835	834	797
227	1 1	1	1	859	863	860	799	798	800
228	1 1	1	1	640	642	735	653	651	645
229	1 1	1	1	671	672	670	584	582	583
230	1 1	1	1	805	803	801	712	711	713
231	1 1	1	1	582	584	670	643	641	577
232	1 1	1	1	735	642	640	644	641	646
233	1 1	1	1	753	755	834	766	762	756
234	1 1	1	1	666	668	671	580	578	581
235	1 1	1	1	798	797	834	755	753	754
236	1 1	1	1	671	583	582	579	578	580
237	1 1	1	1	859	796	787	795	801	804
238	1 1	1	1	801	708	707	709	711	712
239	1 1	1	1	467	468	555	553	551	470
240	1 1	1	1	788	791	859	800	798	790
241	1 1	1	1	555	561	556	557	651	559
242	1 1	1	1	582	577	641	547	544	546
243	1 1	1	1	703	704	798	754	753	706
244	1 1	1	1	711	709	707	609	608	610
245	1 1	1	1	801	795	787	710	707	708
246	1 1	1	1	578	579	582	479	478	481
247	1 1	1	1	556	558	640	645	651	557
248	1 1	1	1	703	705	788	790	798	704
249	1 1	1	1	859	792	789	794	787	796
250	1 1	1	1	788	793	789	792	859	791
251	1 1	1	1	641	644	640	550	548	549
252	1 1	1	1	478	479	582	546	544	480
253	1 1	1	1	641	549	548	545	544	547
254	1 1	1	1	608	609	707	607	604	605
255	1 1	1	1	608	605	604	509	508	510
256	1 1	1	1	787	688	685	687	707	710
257	1 1	1	1	689	691	788	705	703	692
258	1 1	1	1	478	480	544	461	459	462
259	1 1	1	1	467	469	475	477	555	468
260	1 1	1	1	548	550	640	543	537	540
261	1 1	1	1	544	545	548	464	463	465
262	1 1	1	1	475	476	556	561	555	477
263	1 1	1	1	707	687	685	606	604	607
264	1 1	1	1	789	793	788	698	697	699
265	1 1	1	1	789	702	700	701	787	794
266	1 1	1	1	508	505	504	428	427	429
267	1 1	1	1	697	698	788	691	689	690
268	1 1	1	1	544	465	463	460	459	461
269	1 1	1	1	556	539	538	542	640	558
270	1 1	1	1	508	509	604	507	504	505
271	1 1	1	1	787	701	700	686	685	688
272	1 1	1	1	287	284	283	201	200	202
273	1 1	1	1	200	197	196	114	113	115
274	1 1	1	1	548	540	537	466	463	464
275	1 1	1	1	427	425	423	357	356	358
276	1 1	1	1	356	354	352	288	287	289
277	1 1	1	1	640	542	538	541	537	543
278	1 1	1	1	693	694	789	699	697	695
279	1 1	1	1	693	696	700	702	789	694
280	1 1	1	1	459	460	463	384	382	385
281	1 1	1	1	591	594	697	690	689	596
282	1 1	1	1	113	114	196	110	109	112
283	1 1	1	1	200	201	283	198	196	197
284	1 1	1	1	504	426	423	425	427	428
285	1 1	1	1	604	606	685	588	585	587
286	1 1	1	1	287	288	352	285	283	284
287	1 1	1	1	604	587	585	506	504	507
288	1 1	1	1	356	357	423	355	352	354
289	1 1	1	1	463	466	537	451	448	450
290	1 1	1	1	391	394	475	469	467	396
291	1 1	1	1	475	474	471	472	556	476
292	1 1	1	1	685	686	700	601	598	603
293	1 1	1	1	590	595	693	695	697	593
294	1 1	1	1	463	450	448	383	382	384
295	1 1	1	1	471	473	538	539	556	472
296	1 1	1	1	590	593	697	594	591	592
297	1 1	1	1	537	541	538	458	456	457
298	1 1	1	1	597	602	700	696	693	599
299	1 1	1	1	685	603	598	586	585	588
300	1 1	1	1	196	154	152	111	109	110
301	1 1	1	1	537	457	456	449	448	451
302	1 1	1	1	700	602	597	600	598	601
303	1 1	1	1	597	599	693	595	590	589
304	1 1	1	1	382	383	448	369	367	370
305	1 1	1	1	487	488	590	592	591	489
306	1 1	1	1	283	253	251	199	196	198
307	1 1	1	1	109	111	152	75	73	68
308	1 1	1	1	504	484	482	424	423	426
309	1 1	1	1	585	485	482	484	504	506
310	1 1	1	1	196	199	251	153	152	154
311	1 1	1	1	456	458	538	455	452	453
312	1 1	1	1	448	449	456	381	375	380
313	1 1	1	1	352	332	329	286	283	285
314	1 1	1	1	471	454	452	455	538	473
315	1 1	1	1	448	380	375	368	367	369
316	1 1	1	1	391	395	390	392	475	394
317	1 1	1	1	390	393	471	474	475	392
318	1 1	1	1	487	486	490	496	590	488
319	1 1	1	1	598	500	497	499	585	586
320	1 1	1	1	490	495	597	589	590	496
321	1 1	1	1	423	403	398	353	352	355
322	1 1	1	1	283	286	329	252	251	253
323	1 1	1	1	501	503	598	600	597	502
324	1 1	1	1	152	155	163	74	73	75
325	1 1	1	1	585	499	497	483	482	485
326	1 1	1	1	367	368	375	299	297	300
327	1 1	1	1	375	381	456	377	376	378
328	1 1	1	1	404	406	490	486	487	407
329	1 1	1	1	456	453	452	379	376	377
330	1 1	1	1	491	492	597	495	490	494
331	1 1	1	1	152	153	251	165	163	155
332	1 1	1	1	482	402	398	403	423	424
333	1 1	1	1	598	503	501	498	497	500
334	1 1	1	1	352	353	398	331	329	332
335	1 1	1	1	491	493	501	502	597	492
336	1 1	1	1	297	299	375	303	302	298
337	1 1	1	1	409	410	490	406	404	405
338	1 1	1	1	386	387	452	454	471	388
339	1 1	1	1	375	378	376	304	302	303
340	1 1	1	1	409	411	491	494	490	410
341	1 1	1	1	390	389	386	388	471	393
342	1 1	1	1	316	317	390	395	391	318
343	1 1	1	1	73	74	163	78	77	76
344	1 1	1	1	329	258	256	254	251	252
345	1 1	1	1	336	337	409	405	404	339
346	1 1	1	1	376	379	452	372	371	373
347	1 1	1	1	297	298	302	222	220	223
348	1 1	1	1	251	254	256	164	163	165
349	1 1	1	1	497	417	414	412	482	483
350	1 1	1	1	413	422	501	493	491	421
351	1 1	1	1	501	420	414	417	497	498
352	1 1	1	1	413	421	491	411	409	408
353	1 1	1	1	376	373	371	301	302	304
354	1 1	1	1	452	387	386	374	371	372
355	1 1	1	1	336	338	340	343	409	337
356	1 1	1	1	302	296	291	221	220	222
357	1 1	1	1	340	342	413	408	409	343
358	1 1	1	1	302	301	371	295	291	296
359	1 1	1	1	415	416	501	422	413	419
360	1 1	1	1	312	314	386	389	390	315
361	1 1	1	1	316	313	312	315	390	317
362	1 1	1	1	398	335	333	330	329	331
363	1 1	1	1	265	266	340	338	336	268
364	1 1	1	1	220	221	291	215	213	216
365	1 1	1	1	415	418	414	420	501	416
366	1 1	1	1	482	399	397	401	398	402
367	1 1	1	1	77	78	163	166	168	79
368	1 1	1	1	163	164	256	169	168	166
369	1 1	1	1	333	259	256	258	329	330
370	1 1	1	1	340	341	349	350	413	342
371	1 1	1	1	482	412	414	400	397	399
372	1 1	1	1	371	374	386	311	306	308
373	1 1	1	1	265	267	276	281	340	266
374	1 1	1	1	291	218	217	214	213	215
375	1 1	1	1	349	351	415	419	413	350
376	1 1	1	1	213	214	217	138	137	140
377	1 1	1	1	185	186	276	267	265	188
378	1 1	1	1	371	292	290	294	291	295
379	1 1	1	1	276	280	349	341	340	281
380	1 1	1	1	312	307	305	310	386	314
381	1 1	1	1	333	335	398	401	397	334
382	1 1	1	1	305	309	306	311	386	310
383	1 1	1	1	233	234	312	313	316	235
384	1 1	1	1	168	169	256	262	257	170
385	1 1	1	1	77	79	168	83	81	80
386	1 1	1	1	291	294	290	219	217	218
387	1 1	1	1	371	308	306	293	290	292
388	1 1	1	1	414	418	415	347	346	348
389	1 1	1	1	137	138	217	212	205	139
390	1 1	1	1	257	262	256	259	333	264
391	1 1	1	1	193	194	276	186	185	187
392	1 1	1	1	137	139	205	128	127	130
393	1 1	1	1	103	104	193	187	185	108
394	1 1	1	1	349	345	346	347	415	351
395	1 1	1	1	277	282	349	280	276	278
396	1 1	1	1	217	219	290	211	205	212
397	1 1	1	1	397	400	414	348	346	344
398	1 1	1	1	193	195	277	278	276	194
399	1 1	1	1	229	231	305	307	312	232
400	1 1	1	1	39	40	102	106	103	41
401	1 1	1	1	102	107	193	104	103	106
402	1 1	1	1	127	129	131	48	47	52
403	1 1	1	1	205	132	131	129	127	128
404	1 1	1	1	233	230	229	232	312	234
405	1 1	1	1	277	279	346	345	349	282
406	1 1	1	1	226	227	306	309	305	228
407	1 1	1	1	168	170	257	173	171	167
408	1 1	1	1	81	83	168	167	171	84
409	1 1	1	1	8	9	35	38	39	10
410	1 1	1	1	290	293	306	227	226	225
411	1 1	1	1	47	50	46	17	16	18
412	1 1	1	1	39	38	35	37	102	40
413	1 1	1	1	47	48	131	51	46	50
414	1 1	1	1	290	207	204	206	205	211
415	1 1	1	1	16	14	12	4	2	1
416	1 1	1	1	2	3	24	7	8	5
417	1 1	1	1	102	105	189	191	193	107
418	1 1	1	1	189	192	277	195	193	191
419	1 1	1	1	255	263	257	264	333	260
420	1 1	1	1	205	206	204	133	131	132
421	1 1	1	1	320	328	333	334	397	327
422	1 1	1	1	24	25	35	9	8	7
423	1 1	1	1	16	17	46	15	12	14
424	1 1	1	1	226	228	305	231	229	224
425	1 1	1	1	2	4	12	6	24	3
426	1 1	1	1	35	36	98	100	102	37
427	1 1	1	1	98	99	189	105	102	100
428	1 1	1	1	131	126	123	49	46	51
429	1 1	1	1	319	323	397	344	346	322
430	1 1	1	1	171	173	257	263	255	172
431	1 1	1	1	149	150	229	230	233	151
432	1 1	1	1	46	45	42	13	12	15
433	1 1	1	1	346	279	277	275	269	274
434	1 1	1	1	204	125	123	126	131	133
435	1 1	1	1	24	26	89	34	35	25
436	1 1	1	1	81	84	171	86	82	87
437	1 1	1	1	203	208	290	225	226	210
438	1 1	1	1	204	207	290	208	203	209
439	1 1	1	1	255	260	333	328	320	261
440	1 1	1	1	12	11	28	27	24	6
441	1 1	1	1	89	91	98	36	35	34
442	1 1	1	1	277	192	189	190	269	275
443	1 1	1	1	46	49	123	44	42	45
444	1 1	1	1	12	13	42	19	28	11
445	1 1	1	1	28	29	89	26	24	27
446	1 1	1	1	145	146	226	224	229	147
447	1 1	1	1	320	327	397	324	321	326
448	1 1	1	1	189	99	98	101	174	179
449	1 1	1	1	321	324	397	323	319	325
450	1 1	1	1	174	101	98	91	89	90
451	1 1	1	1	145	147	229	150	149	148
452	1 1	1	1	134	124	123	125	204	136
453	1 1	1	1	270	273	346	274	269	271
454	1 1	1	1	156	160	171	172	255	161
455	1 1	1	1	319	322	346	273	270	272
456	1 1	1	1	53	43	42	44	123	58
457	1 1	1	1	269	190	189	179	174	178
458	1 1	1	1	82	86	171	160	156	85
459	1 1	1	1	28	19	42	43	53	22
460	1 1	1	1	89	29	28	30	88	94
461	1 1	1	1	134	136	204	209	203	135
462	1 1	1	1	203	210	226	142	141	144
463	1 1	1	1	141	142	226	146	145	143
464	1 1	1	1	174	90	89	94	88	93
465	1 1	1	1	53	58	123	124	134	56
466	1 1	1	1	88	30	28	22	53	23
467	1 1	1	1	240	242	255	261	320	241
468	1 1	1	1	66	65	145	148	149	67
469	1 1	1	1	82	85	156	70	71	69
470	1 1	1	1	156	161	255	158	157	159
471	1 1	1	1	248	250	320	326	321	249
472	1 1	1	1	175	177	269	178	174	176
473	1 1	1	1	245	247	321	325	319	246
474	1 1	1	1	182	184	270	271	269	183
475	1 1	1	1	236	237	319	272	270	238
476	1 1	1	1	116	119	134	135	203	118
477	1 1	1	1	117	121	203	144	141	120
478	1 1	1	1	174	93	88	92	95	96
479	1 1	1	1	157	158	255	242	240	162
480	1 1	1	1	61	63	141	143	145	62
481	1 1	1	1	54	55	53	56	134	57
482	1 1	1	1	31	32	88	23	53	21
483	1 1	1	1	240	241	320	250	248	243
484	1 1	1	1	71	70	156	159	157	72
485	1 1	1	1	61	62	145	65	66	64
486	1 1	1	1	182	183	269	177	175	180
487	1 1	1	1	245	246	319	237	236	239
488	1 1	1	1	248	249	321	247	245	244
489	1 1	1	1	175	176	174	96	95	97
490	1 1	1	1	116	118	203	121	117	122
491	1 1	1	1	236	238	270	184	182	181
492	1 1	1	1	31	21	53	55	54	20
493	1 1	1	1	95	92	88	32	31	33
494	1 1	1	1	54	57	134	119	116	59
495	1 1	1	1	117	120	141	63	61	60

%MODEL.LOAD_LINE_UNIFORM
3
272	200	287	0.000000	10.000000	0.000000
276	287	356	0.000000	10.000000	0.000000
275	356	427	0.000000	10.000000	0.000000

%END
